#          omega_b,        omega_cdm,                h,              A_s,              n_s,            M_tot,         A_planck,        b^{(1)}_1,        b^{(1)}_2,    b^{(1)}_{G_2},        b^{(2)}_1,        b^{(2)}_2,    b^{(2)}_{G_2},        b^{(3)}_1,        b^{(3)}_2,    b^{(3)}_{G_2},        b^{(4)}_1,        b^{(4)}_2,    b^{(4)}_{G_2},          Omega_m,               H0,           sigma8
 2.855817e-05	 6.028096e-05	 2.285366e-04	-3.949745e-13	-2.314600e-05	 3.537331e-05	-1.572556e-05	-1.111792e-04	 1.108901e-04	 1.218416e-04	-1.109215e-04	 2.561012e-04	 2.478873e-05	-1.222505e-04	 8.824888e-06	 5.241028e-05	-9.875891e-05	-4.770296e-05	 5.218486e-05	-1.940662e-05	 2.285366e-02	 3.840764e-05	
 6.028096e-05	 1.627529e-04	 5.258848e-04	-1.429359e-12	-1.475742e-04	 1.281143e-04	-1.004985e-04	-1.370475e-04	 6.629784e-04	 3.341907e-04	-1.812487e-04	 6.328353e-04	 2.039662e-04	-1.509176e-04	 3.308382e-04	 2.117461e-04	-1.476204e-04	 1.648471e-04	 1.496920e-04	-6.194418e-06	 5.258848e-02	 8.256194e-05	
 2.285366e-04	 5.258848e-04	 1.966352e-03	-3.771016e-12	-2.675103e-04	 3.379147e-04	-2.089534e-04	-8.942604e-04	 1.419632e-03	 9.973715e-04	-1.015039e-03	 2.435815e-03	 3.583828e-04	-1.011861e-03	 5.604787e-04	 5.325504e-04	-8.729987e-04	-2.143935e-04	 3.517303e-04	-1.842986e-04	 1.966352e-01	 3.677243e-04	
-3.949745e-13	-1.429359e-12	-3.771016e-12	 2.035476e-20	 2.854610e-12	-2.517953e-14	 1.905161e-12	-1.393423e-12	-3.009219e-12	-1.111592e-13	-9.310443e-13	-3.663532e-12	-1.167871e-12	-1.258530e-12	-2.557623e-12	-9.647649e-13	-1.075310e-12	-3.416464e-13	-3.782125e-13	-4.046354e-13	-3.771016e-10	 3.592149e-13	
-2.314600e-05	-1.475742e-04	-2.675103e-04	 2.854610e-12	 8.989086e-04	-1.657777e-04	 4.094774e-04	-5.078079e-05	 2.345590e-03	 1.681173e-03	-1.246403e-04	 1.861387e-03	 8.910124e-04	-1.086805e-04	 1.211882e-03	 6.288102e-04	-1.453369e-04	 1.872443e-03	 6.363426e-04	-1.150926e-04	-2.675103e-02	 3.192434e-04	
 3.537331e-05	 1.281143e-04	 3.379147e-04	-2.517953e-14	-1.657777e-04	 2.667228e-03	-2.297519e-04	 8.160311e-05	 7.742198e-04	 8.635698e-05	 5.700376e-05	-1.148923e-03	 2.855661e-04	 1.660493e-04	 4.638129e-04	 1.422013e-04	 1.530156e-04	 1.605158e-04	 3.119621e-04	 9.245284e-05	 3.379147e-02	-1.705499e-04	
-1.572556e-05	-1.004985e-04	-2.089534e-04	 1.905161e-12	 4.094774e-04	-2.297519e-04	 1.106305e-02	-3.808172e-04	-9.205034e-04	 4.794761e-04	-3.099872e-04	 4.487689e-06	-4.861672e-06	-2.082419e-04	 6.755581e-04	 3.904537e-04	 1.627577e-04	 4.052419e-03	 2.453726e-04	-6.042613e-05	-2.089534e-02	 1.613631e-04	
-1.111792e-04	-1.370475e-04	-8.942604e-04	-1.393423e-12	-5.078079e-05	 8.160311e-05	-3.808172e-04	 3.462266e-03	 1.105611e-02	-9.008645e-04	 1.606661e-03	-8.154896e-04	 7.753886e-04	 1.725479e-03	 1.375628e-03	 2.763214e-04	 1.510533e-03	 2.051433e-03	 2.398527e-04	 2.799319e-04	-8.942604e-02	-3.977487e-04	
 1.108901e-04	 6.629784e-04	 1.419632e-03	-3.009219e-12	 2.345590e-03	 7.742198e-04	-9.205034e-04	 1.105611e-02	 2.823197e-01	-4.788895e-02	 2.983875e-04	 1.931325e-02	 9.207014e-03	 1.028450e-03	 7.829674e-03	 7.464405e-03	 5.266254e-04	 2.084328e-02	 5.516953e-03	 3.434302e-04	 1.419632e-01	 2.320038e-03	
 1.218416e-04	 3.341907e-04	 9.973715e-04	-1.111592e-13	 1.681173e-03	 8.635698e-05	 4.794761e-04	-9.008645e-04	-4.788895e-02	 3.991453e-02	-4.107972e-04	 6.689497e-03	 5.550119e-03	 2.444405e-04	 8.250050e-03	 4.226556e-03	-7.020515e-04	 1.035458e-02	 2.613236e-03	 5.324777e-05	 9.973715e-02	 1.343116e-03	
-1.109215e-04	-1.812487e-04	-1.015039e-03	-9.310443e-13	-1.246403e-04	 5.700376e-05	-3.099872e-04	 1.606661e-03	 2.983875e-04	-4.107972e-04	 4.549596e-03	 1.767053e-02	 2.133289e-03	 1.691727e-03	 5.718867e-04	-2.218020e-04	 1.580193e-03	 3.722052e-04	 3.153652e-04	 2.945074e-04	-1.015039e-01	-5.400794e-04	
 2.561012e-04	 6.328353e-04	 2.435815e-03	-3.663532e-12	 1.861387e-03	-1.148923e-03	 4.487689e-06	-8.154896e-04	 1.931325e-02	 6.689497e-03	 1.767053e-02	 6.049593e-01	-8.192947e-03	-8.840962e-05	 5.255422e-03	 2.522371e-03	-1.405743e-04	 4.561094e-03	 3.675134e-03	-3.059321e-04	 2.435815e-01	 1.801974e-03	
 2.478873e-05	 2.039662e-04	 3.583828e-04	-1.167871e-12	 8.910124e-04	 2.855661e-04	-4.861672e-06	 7.753886e-04	 9.207014e-03	 5.550119e-03	 2.133289e-03	-8.192947e-03	 3.188855e-02	 7.176527e-04	 5.455607e-03	 2.993539e-03	 5.886036e-04	 6.297975e-03	 2.529403e-03	 1.580042e-04	 3.583828e-02	 7.512751e-04	
-1.222505e-04	-1.509176e-04	-1.011861e-03	-1.258530e-12	-1.086805e-04	 1.660493e-04	-2.082419e-04	 1.725479e-03	 1.028450e-03	 2.444405e-04	 1.691727e-03	-8.840962e-05	 7.176527e-04	 3.599587e-03	 1.261793e-02	-4.003423e-04	 1.464001e-03	 1.268912e-03	 6.523582e-04	 3.302782e-04	-1.011861e-01	-4.284423e-04	
 8.824888e-06	 3.308382e-04	 5.604787e-04	-2.557623e-12	 1.211882e-03	 4.638129e-04	 6.755581e-04	 1.375628e-03	 7.829674e-03	 8.250050e-03	 5.718867e-04	 5.255422e-03	 5.455607e-03	 1.261793e-02	 2.949049e-01	-2.728553e-02	-1.204657e-03	 2.512091e-03	 2.964032e-03	 1.983572e-04	 5.604787e-02	 1.227706e-03	
 5.241028e-05	 2.117461e-04	 5.325504e-04	-9.647649e-13	 6.288102e-04	 1.422013e-04	 3.904537e-04	 2.763214e-04	 7.464405e-03	 4.226556e-03	-2.218020e-04	 2.522371e-03	 2.993539e-03	-4.003423e-04	-2.728553e-02	 1.353061e-02	 9.631381e-05	 5.005099e-03	 1.938895e-03	 7.738708e-05	 5.325504e-02	 6.613771e-04	
-9.875891e-05	-1.476204e-04	-8.729987e-04	-1.075310e-12	-1.453369e-04	 1.530156e-04	 1.627577e-04	 1.510533e-03	 5.266254e-04	-7.020515e-04	 1.580193e-03	-1.405743e-04	 5.886036e-04	 1.464001e-03	-1.204657e-03	 9.631381e-05	 4.849646e-03	 1.727716e-02	 4.120606e-04	 2.615431e-04	-8.729987e-02	-5.019639e-04	
-4.770296e-05	 1.648471e-04	-2.143935e-04	-3.416464e-13	 1.872443e-03	 1.605158e-04	 4.052419e-03	 2.051433e-03	 2.084328e-02	 1.035458e-02	 3.722052e-04	 4.561094e-03	 6.297975e-03	 1.268912e-03	 2.512091e-03	 5.005099e-03	 1.727716e-02	 3.748484e-01	-3.863083e-02	 4.051300e-04	-2.143935e-02	 1.369905e-03	
 5.218486e-05	 1.496920e-04	 3.517303e-04	-3.782125e-13	 6.363426e-04	 3.119621e-04	 2.453726e-04	 2.398527e-04	 5.516953e-03	 2.613236e-03	 3.153652e-04	 3.675134e-03	 2.529403e-03	 6.523582e-04	 2.964032e-03	 1.938895e-03	 4.120606e-04	-3.863083e-02	 2.413043e-02	 1.056496e-04	 3.517303e-02	 4.450830e-04	
-1.940662e-05	-6.194418e-06	-1.842986e-04	-4.046354e-13	-1.150926e-04	 9.245284e-05	-6.042613e-05	 2.799319e-04	 3.434302e-04	 5.324777e-05	 2.945074e-04	-3.059321e-04	 1.580042e-04	 3.302782e-04	 1.983572e-04	 7.738708e-05	 2.615431e-04	 4.051300e-04	 1.056496e-04	 1.112943e-04	-1.842986e-02	-7.942792e-05	
 2.285366e-02	 5.258848e-02	 1.966352e-01	-3.771016e-10	-2.675103e-02	 3.379147e-02	-2.089534e-02	-8.942604e-02	 1.419632e-01	 9.973715e-02	-1.015039e-01	 2.435815e-01	 3.583828e-02	-1.011861e-01	 5.604787e-02	 5.325504e-02	-8.729987e-02	-2.143935e-02	 3.517303e-02	-1.842986e-02	 1.966352e+01	 3.677243e-02	
 3.840764e-05	 8.256194e-05	 3.677243e-04	 3.592149e-13	 3.192434e-04	-1.705499e-04	 1.613631e-04	-3.977487e-04	 2.320038e-03	 1.343116e-03	-5.400794e-04	 1.801974e-03	 7.512751e-04	-4.284423e-04	 1.227706e-03	 6.613771e-04	-5.019639e-04	 1.369905e-03	 4.450830e-04	-7.942792e-05	 3.677243e-02	 3.922496e-04	
