#          omega_b,        omega_cdm,                h,              n_s,            M_tot,             norm,        b^{(1)}_1,        b^{(1)}_2,    b^{(1)}_{G_2},        b^{(2)}_1,        b^{(2)}_2,    b^{(2)}_{G_2},        b^{(3)}_1,        b^{(3)}_2,    b^{(3)}_{G_2},        b^{(4)}_1,        b^{(4)}_2,    b^{(4)}_{G_2},          Omega_m,               H0,           sigma8
 2.601657e-05	 6.985249e-05	 2.269904e-04	-1.276192e-04	 9.648198e-06	-1.313412e-04	-5.133996e-04	 1.799597e-04	 1.743578e-04	-5.094725e-04	 1.167081e-05	 3.519907e-05	-4.889712e-04	 1.966141e-04	 1.234194e-04	-4.686579e-04	 1.591190e-04	 2.943292e-06	 1.338143e-05	 2.269904e-02	 1.689740e-04	
 6.985249e-05	 2.236559e-04	 6.482647e-04	-5.121215e-04	 2.871289e-05	-5.189792e-04	-1.699288e-03	 1.053089e-03	 4.997281e-04	-1.739341e-03	 2.434162e-04	 1.469673e-04	-1.605338e-03	 9.375493e-04	 4.379925e-04	-1.586874e-03	 7.258565e-04	 2.483052e-05	 8.706323e-05	 6.482647e-02	 5.865770e-04	
 2.269904e-04	 6.482647e-04	 2.095620e-03	-1.250763e-03	 8.772946e-05	-1.335787e-03	-4.891766e-03	 2.269715e-03	 1.546615e-03	-4.968510e-03	 3.569415e-04	 4.049608e-04	-4.680199e-03	 2.402117e-03	 1.167567e-03	-4.520577e-03	 1.680896e-03	 1.821855e-06	 1.084829e-04	 2.095620e-01	 1.650593e-03	
-1.276192e-04	-5.121215e-04	-1.250763e-03	 2.464268e-03	 1.018081e-04	 1.567496e-03	 5.305541e-03	 3.908289e-03	 2.997790e-03	 5.169546e-03	 2.497701e-03	 2.667490e-03	 4.886722e-03	 7.788499e-04	 1.112620e-03	 4.708013e-03	 1.633784e-03	 1.884736e-03	-3.615097e-04	-1.250763e-01	-1.235986e-03	
 9.648198e-06	 2.871289e-05	 8.772946e-05	 1.018081e-04	 2.736167e-03	 3.608937e-04	 9.618413e-04	-2.051163e-04	 3.055157e-04	 9.496881e-04	 9.634836e-05	 3.261382e-04	 9.559572e-04	 5.489035e-04	-2.441718e-05	 9.079334e-04	 1.664604e-04	 2.630418e-04	 7.499335e-05	 8.772946e-03	-4.671524e-04	
-1.313412e-04	-5.189792e-04	-1.335787e-03	 1.567496e-03	 3.608937e-04	 3.543842e-03	 3.780887e-03	-5.214606e-03	 1.699445e-04	 4.220636e-03	-4.004448e-03	-7.247917e-04	 3.783455e-03	-5.892713e-03	-5.382217e-04	 3.724421e-03	-3.650759e-03	-5.262967e-04	-2.917947e-04	-1.335787e-01	-1.537497e-03	
-5.133996e-04	-1.699288e-03	-4.891766e-03	 5.305541e-03	 9.618413e-04	 3.780887e-03	 1.741521e-02	 1.308419e-02	-3.210120e-04	 1.549153e-02	 2.777245e-03	 2.756978e-03	 1.457856e-02	-1.832187e-03	-9.335982e-04	 1.416438e-02	-2.590482e-04	 2.499479e-03	-6.904543e-04	-4.891766e-01	-4.554877e-03	
 1.799597e-04	 1.053089e-03	 2.269715e-03	 3.908289e-03	-2.051163e-04	-5.214606e-03	 1.308419e-02	 3.870381e-01	-2.897958e-02	-2.952404e-03	 2.598709e-02	 2.458924e-02	-2.268008e-05	 4.307865e-02	 1.961196e-02	-2.341898e-03	 3.575248e-02	 1.583157e-02	 7.481357e-04	 2.269715e-01	 5.192086e-03	
 1.743578e-04	 4.997281e-04	 1.546615e-03	 2.997790e-03	 3.055157e-04	 1.699445e-04	-3.210120e-04	-2.897958e-02	 5.410265e-02	-5.009117e-04	 1.456230e-02	 1.241245e-02	 5.360024e-04	 1.375136e-02	 1.088026e-02	-4.454044e-04	 1.740218e-02	 8.128271e-03	 1.322821e-04	 1.546615e-01	 2.193401e-03	
-5.094725e-04	-1.739341e-03	-4.968510e-03	 5.169546e-03	 9.496881e-04	 4.220636e-03	 1.549153e-02	-2.952404e-03	-5.009117e-04	 1.856217e-02	 2.143753e-02	 4.078001e-03	 1.457384e-02	-4.769985e-03	-1.682188e-03	 1.429317e-02	-2.088196e-03	 1.751787e-03	-7.052465e-04	-4.968510e-01	-4.814735e-03	
 1.167081e-05	 2.434162e-04	 3.569415e-04	 2.497701e-03	 9.634836e-05	-4.004448e-03	 2.777245e-03	 2.598709e-02	 1.456230e-02	 2.143753e-02	 6.712199e-01	 1.580984e-02	 2.621353e-03	 2.575009e-02	 8.099650e-03	 1.216216e-03	 1.743585e-02	 8.546816e-03	 2.630959e-04	 3.569415e-02	 1.731468e-03	
 3.519907e-05	 1.469673e-04	 4.049608e-04	 2.667490e-03	 3.261382e-04	-7.247917e-04	 2.756978e-03	 2.458924e-02	 1.241245e-02	 4.078001e-03	 1.580984e-02	 4.658702e-02	 2.293834e-03	 1.215057e-02	 7.724269e-03	 1.388340e-03	 1.231176e-02	 6.662327e-03	 4.067102e-05	 4.049608e-02	 1.124507e-03	
-4.889712e-04	-1.605338e-03	-4.680199e-03	 4.886722e-03	 9.559572e-04	 3.783455e-03	 1.457856e-02	-2.268008e-05	 5.360024e-04	 1.457384e-02	 2.621353e-03	 2.293834e-03	 1.547844e-02	 1.023583e-02	-1.218640e-03	 1.329080e-02	-9.537865e-04	 2.117859e-03	-6.065456e-04	-4.680199e-01	-4.333624e-03	
 1.966141e-04	 9.375493e-04	 2.402117e-03	 7.788499e-04	 5.489035e-04	-5.892713e-03	-1.832187e-03	 4.307865e-02	 1.375136e-02	-4.769985e-03	 2.575009e-02	 1.215057e-02	 1.023583e-02	 3.762460e-01	-1.986051e-02	-3.827315e-03	 2.183106e-02	 9.352412e-03	 4.405738e-04	 2.402117e-01	 3.644602e-03	
 1.234194e-04	 4.379925e-04	 1.167567e-03	 1.112620e-03	-2.441718e-05	-5.382217e-04	-9.335982e-04	 1.961196e-02	 1.088026e-02	-1.682188e-03	 8.099650e-03	 7.724269e-03	-1.218640e-03	-1.986051e-02	 2.026536e-02	-1.654978e-03	 1.026637e-02	 5.057035e-03	 2.353864e-04	 1.167567e-01	 1.777599e-03	
-4.686579e-04	-1.586874e-03	-4.520577e-03	 4.708013e-03	 9.079334e-04	 3.724421e-03	 1.416438e-02	-2.341898e-03	-4.454044e-04	 1.429317e-02	 1.216216e-03	 1.388340e-03	 1.329080e-02	-3.827315e-03	-1.654978e-03	 1.630226e-02	 1.606050e-02	 2.285794e-03	-6.619415e-04	-4.520577e-01	-4.376618e-03	
 1.591190e-04	 7.258565e-04	 1.680896e-03	 1.633784e-03	 1.664604e-04	-3.650759e-03	-2.590482e-04	 3.575248e-02	 1.740218e-02	-2.088196e-03	 1.743585e-02	 1.231176e-02	-9.537865e-04	 2.183106e-02	 1.026637e-02	 1.606050e-02	 4.429904e-01	-3.552048e-02	 5.025844e-04	 1.680896e-01	 3.041574e-03	
 2.943292e-06	 2.483052e-05	 1.821855e-06	 1.884736e-03	 2.630418e-04	-5.262967e-04	 2.499479e-03	 1.583157e-02	 8.128271e-03	 1.751787e-03	 8.546816e-03	 6.662327e-03	 2.117859e-03	 9.352412e-03	 5.057035e-03	 2.285794e-03	-3.552048e-02	 3.597897e-02	 5.910440e-05	 1.821855e-04	 5.030793e-04	
 1.338143e-05	 8.706323e-05	 1.084829e-04	-3.615097e-04	 7.499335e-05	-2.917947e-04	-6.904543e-04	 7.481357e-04	 1.322821e-04	-7.052465e-04	 2.630959e-04	 4.067102e-05	-6.065456e-04	 4.405738e-04	 2.353864e-04	-6.619415e-04	 5.025844e-04	 5.910440e-05	 1.426477e-04	 1.084829e-02	 2.374807e-04	
 2.269904e-02	 6.482647e-02	 2.095620e-01	-1.250763e-01	 8.772946e-03	-1.335787e-01	-4.891766e-01	 2.269715e-01	 1.546615e-01	-4.968510e-01	 3.569415e-02	 4.049608e-02	-4.680199e-01	 2.402117e-01	 1.167567e-01	-4.520577e-01	 1.680896e-01	 1.821855e-04	 1.084829e-02	 2.095620e+01	 1.650593e-01	
 1.689740e-04	 5.865770e-04	 1.650593e-03	-1.235986e-03	-4.671524e-04	-1.537497e-03	-4.554877e-03	 5.192086e-03	 2.193401e-03	-4.814735e-03	 1.731468e-03	 1.124507e-03	-4.333624e-03	 3.644602e-03	 1.777599e-03	-4.376618e-03	 3.041574e-03	 5.030793e-04	 2.374807e-04	 1.650593e-01	 1.778061e-03	
