#          omega_b,        omega_cdm,                h,              A_s,              n_s,            M_tot,         A_planck,          Omega_m,               H0,           sigma8
 8.481127e-05	 1.002165e-04	 4.328175e-04	-1.310423e-13	 1.500584e-04	 9.680748e-06	-3.769584e-06	-1.550100e-06	 4.328175e-02	 1.652001e-05	
 1.002165e-04	 2.335400e-04	 8.328175e-04	-1.618435e-12	-7.612114e-06	 9.803413e-05	-2.704391e-07	-4.406382e-05	 8.328175e-02	 1.904630e-04	
 4.328175e-04	 8.328175e-04	 3.832122e-03	-3.955745e-12	 2.464595e-04	 2.862554e-04	 3.128731e-05	-6.958820e-04	 3.832122e-01	 9.181375e-04	
-1.310423e-13	-1.618435e-12	-3.955745e-12	 2.602277e-20	 4.144138e-12	 1.727444e-13	 1.556166e-13	-6.870159e-14	-3.955745e-10	-1.920276e-13	
 1.500584e-04	-7.612114e-06	 2.464595e-04	 4.144138e-12	 2.189610e-03	-1.537513e-04	 6.698237e-05	 7.284486e-05	 2.464595e-02	 7.461457e-04	
 9.680748e-06	 9.803413e-05	 2.862554e-04	 1.727444e-13	-1.537513e-04	 2.716144e-03	 1.222266e-05	 2.379029e-05	 2.862554e-02	-1.148894e-04	
-3.769584e-06	-2.704391e-07	 3.128731e-05	 1.556166e-13	 6.698237e-05	 1.222266e-05	 1.333439e-02	-2.924017e-05	 3.128731e-03	 8.417022e-05	
-1.550100e-06	-4.406382e-05	-6.958820e-04	-6.870159e-14	 7.284486e-05	 2.379029e-05	-2.924017e-05	 4.735798e-04	-6.958820e-02	-3.483720e-04	
 4.328175e-02	 8.328175e-02	 3.832122e-01	-3.955745e-10	 2.464595e-02	 2.862554e-02	 3.128731e-03	-6.958820e-02	 3.832122e+01	 9.181375e-02	
 1.652001e-05	 1.904630e-04	 9.181375e-04	-1.920276e-13	 7.461457e-04	-1.148894e-04	 8.417022e-05	-3.483720e-04	 9.181375e-02	 1.171049e-03	
