9.808777640759783983e+07 4.805727927045385540e+07 3.313368804535365105e+07 2.994867264789818972e+07 3.045332199973390251e+07 3.116758990406186506e+07 3.172798344818221405e+07 3.210303260623349622e+07 3.263436602248785272e+07 3.319975762985166162e+07 3.385006250528015941e+07 3.417372690870006382e+07 3.468524054920372367e+07 3.494114454523263872e+07 3.491899822501948476e+07 3.494479017230711877e+07 3.494466266562464088e+07 3.489779579504957795e+07 3.475814302603940666e+07 3.487027001565051824e+07 3.500935142292921990e+07 3.506319241230220348e+07 3.528473507739689201e+07 3.534359133013533801e+07 3.542821613247085363e+07 3.534952907445063442e+07 3.525770062574145198e+07 3.515806522283446789e+07 3.504751883202292025e+07 3.489321276684530079e+07 3.478714452765983343e+07 3.467723138945226371e+07 3.463108358348320425e+07 3.462085370236352831e+07 3.456919129759521037e+07 3.451489493698363751e+07 3.445255234605941176e+07 3.436644534914135933e+07 3.428058956793449819e+07 3.417730055239543319e+07 3.409876634746289253e+07 3.401651804014772922e+07 3.391931313202354312e+07 3.380120003869326413e+07 3.369084719066841900e+07 3.360708322716991603e+07 3.354605710359572247e+07 3.345506544883090630e+07 2.681588098650489375e+07 3.890762995235397667e+07 1.279895013454577699e+07 1.318523999074795283e+06 1.050072136452566367e+06 1.862609397544019856e+06 2.222347177253018133e+06 2.261311702993318439e+06 1.851737751767835347e+06 2.415030084804205224e+06 2.482950234477424063e+06 2.703687409619764891e+06 3.068560529173816089e+06 2.761070884313949384e+06 3.143441898304177914e+06 3.238847496690550353e+06 3.401958224404879380e+06 3.201464038543588482e+06 3.154566083425928839e+06 3.249778277157263365e+06 3.302233024038027506e+06 3.302460546979269478e+06 3.276019696276877075e+06 3.344850647207476664e+06 3.290661159031791147e+06 3.427208477262226399e+06 3.444778086436021607e+06 3.437930945959520061e+06 3.361637684658831451e+06 3.326739281085420400e+06 3.306173245626784395e+06 3.240969400243714917e+06 3.272160913069163915e+06 3.262426229387295898e+06 3.284029078949766234e+06 3.268445590210092254e+06 3.212928553189102095e+06 3.262401320237189531e+06 3.270416135035420768e+06 3.289525840050629340e+06 3.237339825203730725e+06 3.196977643578302115e+06 3.174659535933100618e+06 3.158896021494203713e+06 3.127009783460683189e+06 3.075514009372440632e+06 3.054690305820360314e+06 3.079434181568221189e+06
4.805727927045385540e+07 6.441689011962287873e+07 4.074528593671318144e+07 3.329134448592014611e+07 3.339610024929680303e+07 3.412537817402222008e+07 3.468865920350418985e+07 3.547817284267421067e+07 3.627681702466989309e+07 3.729286527733415365e+07 3.789981441510619968e+07 3.864937435173467547e+07 3.931726797632981837e+07 3.977753559437506646e+07 3.987001588920624554e+07 3.978945479069047421e+07 3.986368234830514342e+07 3.979932965996680409e+07 3.972380324996332079e+07 3.978234311961035430e+07 3.992526449040173739e+07 4.010481926586386561e+07 4.030582855212605745e+07 4.045563175768159330e+07 4.050787139943275601e+07 4.042720445542510599e+07 4.036706697675444186e+07 4.017490965065401793e+07 3.998717094749774784e+07 3.974999070497264713e+07 3.958586944843037426e+07 3.946522607209946215e+07 3.940010600254672021e+07 3.934603672169652581e+07 3.930046423390964419e+07 3.921743627026625723e+07 3.912433868436473608e+07 3.902385263913293183e+07 3.889480797997138649e+07 3.874431417601123452e+07 3.859843028539875150e+07 3.845489557035686821e+07 3.828543184127918631e+07 3.813555587461400777e+07 3.799293955137290806e+07 3.787380484575835615e+07 3.776615342974013835e+07 3.763069523726256192e+07 1.713940585849410295e+07 9.611194296723123640e+06 2.037672315327219293e+07 7.269007803425215185e+06 2.646073296153152362e+06 2.774056784446057864e+06 3.320167639494600706e+06 3.453236505638135597e+06 3.341761204750824254e+06 3.565716301478448324e+06 3.699419297224740032e+06 3.906406108560813591e+06 4.314526661705683917e+06 4.376846187637924217e+06 4.523326237126912922e+06 4.576732492619175464e+06 4.648911636727425270e+06 4.656683703324505128e+06 4.711614946621383540e+06 4.702756336652721278e+06 4.794419161357128993e+06 4.826790428006633185e+06 4.934824154117471538e+06 5.022370146788971499e+06 5.037621026451355778e+06 5.147399647760386579e+06 5.070735804494244047e+06 5.085692754884125665e+06 5.035721970755190589e+06 5.014629018780490384e+06 4.981748863823214546e+06 4.954271819470147602e+06 4.997452702171248384e+06 4.977507839552530088e+06 4.938739687569104135e+06 4.964916367586500943e+06 4.948989735636992380e+06 4.905590580852092244e+06 4.868960111095367000e+06 4.849891352893270552e+06 4.769655480303512886e+06 4.729430585832714103e+06 4.748239368091838434e+06 4.709581146627211943e+06 4.660224204080962576e+06 4.602774336986063048e+06 4.576968991783822887e+06 4.579079191310293041e+06
3.313368804535365105e+07 4.074528593671318144e+07 5.114009759908566624e+07 3.931736991680649668e+07 3.670146550802328438e+07 3.710324662823496759e+07 3.838152802544570714e+07 3.940396404881664366e+07 4.039854461947774887e+07 4.146969798706473410e+07 4.252589763937345892e+07 4.349585195565580577e+07 4.437168710861656815e+07 4.485992072679513693e+07 4.508829669502507150e+07 4.502973861202578992e+07 4.499850256545434147e+07 4.492428401184759289e+07 4.492223279966858029e+07 4.498815282089220732e+07 4.518017866306264699e+07 4.540086146314267069e+07 4.568475319442155957e+07 4.584923266444568336e+07 4.594008928617145121e+07 4.588798468892045319e+07 4.570669466463214159e+07 4.548964950106149167e+07 4.521770931199482828e+07 4.494439673490110785e+07 4.471242731960053742e+07 4.456464470142173022e+07 4.445200793479371816e+07 4.437304681911592931e+07 4.431016320005874336e+07 4.422622617567595840e+07 4.409313534043630958e+07 4.394960283683267981e+07 4.377039802569024265e+07 4.358196236149599403e+07 4.337382964352793247e+07 4.317004123613698035e+07 4.294983157742984593e+07 4.274612659417964518e+07 4.255595060654654354e+07 4.238398236216398329e+07 4.221291203938713670e+07 4.206227214745683968e+07 9.092898430592209101e+06 1.184044351787267998e+07 8.776114330148853362e+06 1.194040478534602933e+07 5.279320810917260125e+06 4.294153496559612453e+06 4.273737855433159508e+06 4.530613514240220189e+06 4.596377129058221355e+06 5.071154565253074281e+06 5.373233474215365946e+06 5.579563740788453259e+06 5.902825834600835107e+06 6.124438768658394925e+06 6.249014830582600087e+06 6.259929532042866573e+06 6.325963851793585345e+06 6.232894185488478281e+06 6.245945512365176342e+06 6.376148674240136519e+06 6.541635000819331035e+06 6.655920742396731861e+06 6.721660180242338218e+06 6.802878755239751190e+06 6.796201643076024950e+06 6.891225890877818689e+06 6.916907282675309107e+06 6.831695323237584904e+06 6.818452474802025594e+06 6.754238723353594542e+06 6.690363909940415993e+06 6.675696998532547615e+06 6.701604260973865166e+06 6.652562868930920027e+06 6.626543859180756845e+06 6.595973457067764364e+06 6.599075468757923692e+06 6.546795888912765309e+06 6.534969582023307681e+06 6.486340123491141945e+06 6.408751577513555065e+06 6.354453922802442685e+06 6.333901760470828041e+06 6.279982462660146877e+06 6.220608861149253324e+06 6.158017366286347620e+06 6.112825269364678301e+06 6.045021382374749519e+06
2.994867264789818972e+07 3.329134448592014611e+07 3.931736991680649668e+07 4.694368929828523099e+07 4.134262884579912573e+07 3.996669971405492723e+07 4.116755681688950956e+07 4.254978211980043352e+07 4.401073983274567127e+07 4.534599283647917956e+07 4.674078287631321698e+07 4.797488425590889156e+07 4.891748904164156318e+07 4.949225063207255304e+07 4.982972925025115162e+07 4.985885321469127387e+07 4.973636639901877195e+07 4.964141820948812366e+07 4.962822392040898651e+07 4.972730551866199821e+07 5.000134544952774793e+07 5.028513859573395550e+07 5.059116831515973061e+07 5.082538157634291798e+07 5.093918807472404093e+07 5.086638508450052142e+07 5.065816806578337401e+07 5.036332440573223680e+07 5.004496442928110063e+07 4.969107379253614694e+07 4.939074775237534940e+07 4.919776284256289899e+07 4.908364338084630668e+07 4.898571763293269277e+07 4.890573232699237764e+07 4.879533968679205328e+07 4.863878936172308773e+07 4.846289524761664122e+07 4.825179801779422909e+07 4.801483451912108809e+07 4.775933422496774048e+07 4.749973357165385783e+07 4.723121627170147747e+07 4.697557581593310833e+07 4.674563199951958656e+07 4.652602540669716895e+07 4.631880872544267774e+07 4.612555658519094437e+07 2.270783519439966418e+06 4.226262236388764344e+06 7.275255428629029542e+06 5.519694550669161603e+06 7.720348945438567549e+06 5.214571647614330053e+06 4.415017282345833257e+06 5.088400627722765319e+06 5.694347783257151954e+06 6.088038446136078797e+06 6.396210233561976813e+06 6.706138378779274411e+06 7.117376104254608974e+06 7.515978236925316043e+06 7.664991228656594642e+06 7.594027411987992935e+06 7.628892296266228892e+06 7.649409040922678076e+06 7.744198045281080529e+06 7.884555584755873308e+06 8.058710727647186257e+06 8.235893666699408554e+06 8.354268849259236827e+06 8.426513331001540646e+06 8.466905731582026929e+06 8.503639424673235044e+06 8.475984137960536405e+06 8.449368252017838880e+06 8.391903253936549649e+06 8.326958983330872841e+06 8.262726412186956964e+06 8.262323795346004888e+06 8.241051352556979284e+06 8.214312657373955473e+06 8.199619639216247015e+06 8.165684649802614003e+06 8.139143816270430572e+06 8.081371070905945264e+06 8.045613499365340918e+06 7.981891215410325676e+06 7.918850293370291591e+06 7.867741367041270249e+06 7.803827694824276492e+06 7.738901778505682945e+06 7.672289216710777022e+06 7.603685399966762401e+06 7.538639493493589573e+06 7.474106035064428113e+06
3.045332199973390251e+07 3.339610024929680303e+07 3.670146550802328438e+07 4.134262884579912573e+07 4.624896969372719526e+07 4.365631647807728499e+07 4.385439777823490649e+07 4.525553734396649897e+07 4.692420714798033237e+07 4.863422204186912626e+07 5.025125600497593731e+07 5.168244887856745720e+07 5.274146513921249658e+07 5.342051305400972068e+07 5.379658060359408706e+07 5.385353637848407775e+07 5.370521092121251673e+07 5.360493289853474498e+07 5.355686857085720450e+07 5.368280887484002858e+07 5.398585145111633092e+07 5.431835758119173348e+07 5.468351223788037151e+07 5.495989584135357291e+07 5.509254039335990697e+07 5.502007081079543382e+07 5.476639374794949591e+07 5.443958440106175095e+07 5.405218015023758262e+07 5.365809999106761813e+07 5.332382416946594417e+07 5.307892175120159239e+07 5.294446981850647926e+07 5.284798369876715541e+07 5.274612604086292535e+07 5.261261363664361835e+07 5.245247404423963279e+07 5.224682185395842791e+07 5.200000515846771002e+07 5.172709374206589162e+07 5.143019570734285563e+07 5.111994897354429215e+07 5.081283909868792444e+07 5.051456248230759054e+07 5.024787715407173336e+07 4.999723521395608783e+07 4.976113364729931206e+07 4.953683263197196275e+07 2.433700652391613461e+06 1.771210407114915317e+06 3.856557417121351697e+06 6.745657367927571759e+06 5.343535529082359746e+06 7.089096552512481809e+06 5.859471511438938789e+06 5.995966024421268143e+06 6.364402893970208243e+06 6.917864823722704314e+06 7.433295396645601839e+06 7.838744882466011681e+06 8.352961264501257800e+06 8.743083560782069340e+06 8.843913673468681052e+06 8.764761019556706771e+06 8.948010304642658681e+06 9.029502313194753602e+06 9.067701647229909897e+06 9.167995061798350886e+06 9.340135501810276881e+06 9.512412443158693612e+06 9.624744437613630667e+06 9.746253754270596430e+06 9.825096114527896047e+06 9.848971154665254056e+06 9.847454926647050306e+06 9.800837324642203748e+06 9.742695531396305189e+06 9.665057940635375679e+06 9.592339132429022342e+06 9.583934156026745215e+06 9.548728131742360070e+06 9.525070665728656575e+06 9.518617711828304455e+06 9.475252629514582455e+06 9.427378653927884996e+06 9.370016879493493587e+06 9.317324919954378158e+06 9.257814357329064980e+06 9.188470561433030292e+06 9.120086472465943545e+06 9.046318824788453057e+06 8.967260453888397664e+06 8.886139856008278206e+06 8.798610154376346618e+06 8.743440797454655170e+06 8.684456220345942304e+06
3.116758990406186506e+07 3.412537817402222008e+07 3.710324662823496759e+07 3.996669971405492723e+07 4.365631647807728499e+07 4.757593326813707501e+07 4.675685500644825399e+07 4.757891760210667551e+07 4.930210687409962714e+07 5.124874443919634074e+07 5.309430402577887475e+07 5.474225539048754424e+07 5.596117053379787505e+07 5.672520015263587981e+07 5.708521047611624748e+07 5.711218783909669518e+07 5.698545330034501851e+07 5.684740935968263447e+07 5.684828894870343804e+07 5.699463188007752597e+07 5.732109420795745403e+07 5.769019191852962971e+07 5.811062237677543610e+07 5.843743218843272328e+07 5.856503510649888963e+07 5.846789127923274040e+07 5.821373939739482850e+07 5.784198922715459764e+07 5.741043377972337604e+07 5.698218422392175347e+07 5.661384604825209826e+07 5.635456141799280792e+07 5.619923171820174158e+07 5.608416302685484290e+07 5.596959721480525285e+07 5.582244571294917166e+07 5.564042336816730350e+07 5.542280614432432503e+07 5.515771039807691425e+07 5.485472028961881995e+07 5.451691050289964676e+07 5.417553734293060005e+07 5.383015361402237415e+07 5.350468397007091343e+07 5.320743193665359914e+07 5.292525981187118590e+07 5.266468576097659022e+07 5.241534396401020885e+07 1.480498232267731801e+06 1.884538690711493138e+06 3.189439590562974103e+06 4.503337017465705983e+06 6.021742188274831511e+06 6.048709282029308379e+06 7.197882378556205891e+06 6.737324010760700330e+06 6.930705911781752482e+06 7.529854320965408348e+06 8.263790506401123479e+06 8.863901011989077553e+06 9.234410822376508266e+06 9.532891151854854077e+06 9.767491147380452603e+06 9.882207235077243298e+06 9.985124331670079380e+06 1.005026969434649870e+07 1.008226205284342356e+07 1.022123740280263126e+07 1.037237695688284189e+07 1.061214724119972438e+07 1.074884248118790053e+07 1.088159897972883843e+07 1.099117472991768643e+07 1.100762622942337766e+07 1.099962162121614628e+07 1.094188891148778424e+07 1.086396807679803111e+07 1.078930378072068840e+07 1.072188386010650359e+07 1.069231801902795397e+07 1.066053145799512044e+07 1.064568496333123930e+07 1.062441601300953701e+07 1.058976228064116836e+07 1.053805530876497552e+07 1.047454820498294383e+07 1.041105798919676617e+07 1.034707009023838677e+07 1.027365836162653938e+07 1.018671106565271318e+07 1.010269606679481827e+07 1.001911223584923148e+07 9.933860020258767530e+06 9.843109383495405316e+06 9.768303171691771597e+06 9.698520982798766345e+06
3.172798344818221405e+07 3.468865920350418985e+07 3.838152802544570714e+07 4.116755681688950956e+07 4.385439777823490649e+07 4.675685500644825399e+07 4.988484629431907833e+07 5.033511678681670129e+07 5.171943952231691033e+07 5.368111601313669235e+07 5.570238550704409927e+07 5.751834260980942100e+07 5.886532227576874942e+07 5.969929235884269327e+07 6.009037107608511299e+07 6.015165087161795795e+07 5.999140661724297702e+07 5.986127991273193806e+07 5.985234157895874977e+07 5.999973525559949130e+07 6.036262236160086095e+07 6.079074811085017025e+07 6.124381039472895116e+07 6.159830233456420898e+07 6.173274337033368647e+07 6.164695562780842185e+07 6.136043716874472797e+07 6.094762886146127433e+07 6.047072806884968281e+07 6.001351249687273800e+07 5.961805604934503883e+07 5.934076131525685638e+07 5.916623934967827052e+07 5.903774848760729283e+07 5.892038785115613043e+07 5.876980586578218639e+07 5.856542252827237546e+07 5.832128845945801586e+07 5.803573751341759413e+07 5.770030117260281742e+07 5.733897862032810599e+07 5.696541312074489146e+07 5.658770415897668898e+07 5.622698345570673794e+07 5.590624977872567624e+07 5.560249374912159145e+07 5.531993344446108490e+07 5.504320636122294515e+07 2.307768767720029689e+06 2.660879652162440121e+06 3.554966544804056175e+06 4.085024208389554173e+06 4.922968820900779217e+06 6.486831490849571303e+06 6.621001714344151318e+06 7.703021794204549864e+06 7.698568995905607939e+06 8.246577754242935218e+06 9.006759752835948020e+06 9.613181262412898242e+06 1.008677149170166440e+07 1.036575026494752988e+07 1.061580843878122047e+07 1.076154930870140903e+07 1.087407057154341228e+07 1.096365967506308295e+07 1.101981458696996048e+07 1.116998851659533754e+07 1.134434514199117012e+07 1.160625385972739942e+07 1.177596425103933364e+07 1.189267425466896966e+07 1.200297818128754012e+07 1.201670551367809996e+07 1.199236219696728699e+07 1.193947891009682603e+07 1.187068554907272197e+07 1.179385585777068138e+07 1.172432185789783485e+07 1.167394713575940579e+07 1.164560505746596307e+07 1.163631167668781243e+07 1.161802086867371015e+07 1.158479563871067204e+07 1.153344847387919389e+07 1.146909718589208648e+07 1.139436921721773967e+07 1.132611404133604281e+07 1.123714203656243905e+07 1.114217008960364386e+07 1.104699020666326210e+07 1.095976266205019131e+07 1.086620117585112527e+07 1.078022054764718376e+07 1.069095234145214967e+07 1.060627425488519110e+07
3.210303260623349622e+07 3.547817284267421067e+07 3.940396404881664366e+07 4.254978211980043352e+07 4.525553734396649897e+07 4.757891760210667551e+07 5.033511678681670129e+07 5.324406181525488943e+07 5.430801330985739082e+07 5.615504162662725151e+07 5.831446287843886763e+07 6.026925393019828200e+07 6.175885582630694658e+07 6.268500367307706922e+07 6.310476457465335727e+07 6.316526150900042057e+07 6.301932203858792037e+07 6.285437781589175761e+07 6.284068602305580676e+07 6.302039428195815533e+07 6.341497711225737631e+07 6.389313686111529171e+07 6.437393762611822784e+07 6.475807172824329883e+07 6.491334719284365326e+07 6.481786450507383049e+07 6.450660271889837086e+07 6.406994471768131107e+07 6.355506114458630979e+07 6.305022000511295348e+07 6.263082004917553067e+07 6.233449074972368777e+07 6.214488222585388273e+07 6.201299545663294941e+07 6.188369760356587917e+07 6.171612595052361488e+07 6.150225910527867079e+07 6.123828865583143383e+07 6.092544432870016247e+07 6.056519698310372233e+07 6.017463964609133452e+07 5.976319265548070520e+07 5.935703072872592509e+07 5.896789412045554817e+07 5.861969121380453557e+07 5.829151519310521334e+07 5.798367416542343795e+07 5.768638708862381428e+07 1.297521518006962258e+06 2.580289214793768246e+06 3.210726401374556124e+06 4.084462926794651896e+06 5.009534500418866053e+06 6.243590962669887580e+06 7.333504495807021856e+06 7.588995600647782907e+06 8.654314395790621638e+06 9.022681149579636753e+06 9.637755596980053931e+06 1.033516926956125163e+07 1.090953181035259925e+07 1.127548778261721320e+07 1.155336720740615949e+07 1.169744968675596826e+07 1.178029867581210472e+07 1.188591750292283483e+07 1.197239063776194118e+07 1.212470601908799633e+07 1.232767031252240203e+07 1.258162048199772649e+07 1.277879751351444796e+07 1.291672879693253897e+07 1.302134143986220472e+07 1.304492029265097342e+07 1.302850024192489311e+07 1.295802421330695041e+07 1.287952864822825789e+07 1.280579839800629579e+07 1.273486743922049366e+07 1.268381427784789167e+07 1.265570225414419174e+07 1.263088316777550615e+07 1.261334907928491198e+07 1.258283286314732023e+07 1.252545833802854456e+07 1.245834210518848896e+07 1.238741628404496983e+07 1.230899168870507553e+07 1.220594769594234973e+07 1.210511668568976782e+07 1.200530880788056552e+07 1.190987456806815416e+07 1.180578035973894410e+07 1.171471728919253871e+07 1.162483367317351513e+07 1.153332315720778704e+07
3.263436602248785272e+07 3.627681702466989309e+07 4.039854461947774887e+07 4.401073983274567127e+07 4.692420714798033237e+07 4.930210687409962714e+07 5.171943952231691033e+07 5.430801330985739082e+07 5.725033346781382710e+07 5.900761121737911552e+07 6.110445897957829386e+07 6.318744735838308185e+07 6.479793409811773151e+07 6.581724306789720803e+07 6.627202224933993816e+07 6.632526689156332612e+07 6.616976438924966753e+07 6.599511876144690812e+07 6.596956095795671642e+07 6.618391063804852962e+07 6.659877553113554418e+07 6.712799910563026369e+07 6.765588643740661442e+07 6.807624900047804415e+07 6.825142016786816716e+07 6.814418082638308406e+07 6.781581152900326252e+07 6.734240367722624540e+07 6.679283681239359081e+07 6.624277351304145902e+07 6.578216324339926988e+07 6.546444643373051286e+07 6.526015926403981447e+07 6.512208433468037099e+07 6.498328635051548481e+07 6.480496571511271596e+07 6.457699509600927681e+07 6.429286117854940891e+07 6.395727384706743062e+07 6.356895426097007096e+07 6.314417716139265150e+07 6.270003228879448771e+07 6.225945907583422959e+07 6.184418322698599845e+07 6.146448746787424386e+07 6.111245986758527905e+07 6.078019067734140903e+07 6.045977359428698570e+07 9.125909832677572267e+05 2.666520815252117347e+06 3.705402629312640522e+06 4.681913814041492529e+06 5.782094626825251617e+06 6.651259891728686169e+06 7.478043243467547931e+06 8.432793774234736338e+06 8.854239481482353061e+06 9.967295258529679850e+06 1.053612843565859646e+07 1.121307462223176099e+07 1.183592238019076362e+07 1.223525782572475076e+07 1.251476698566136137e+07 1.266240985800478980e+07 1.275244497435183637e+07 1.283418305004235916e+07 1.292731898492194153e+07 1.309133587579580024e+07 1.332964010501073487e+07 1.358397179540662281e+07 1.379983858669652417e+07 1.397649776702556945e+07 1.409420214801186696e+07 1.412225102820460871e+07 1.408930043288630806e+07 1.402395765284650587e+07 1.394527227049269341e+07 1.385470623320230655e+07 1.377429190864668787e+07 1.372081809968831204e+07 1.369310739912017994e+07 1.366384747989449836e+07 1.365037605772527307e+07 1.361699125084134750e+07 1.355604485105792060e+07 1.347927203288985789e+07 1.340481926372948661e+07 1.331688690718074702e+07 1.321021897177095711e+07 1.309602560429958813e+07 1.299578495796294510e+07 1.288563920937217027e+07 1.277529379448747635e+07 1.267910470902949199e+07 1.258365022552297451e+07 1.248396099073618837e+07
3.319975762985166162e+07 3.729286527733415365e+07 4.146969798706473410e+07 4.534599283647917956e+07 4.863422204186912626e+07 5.124874443919634074e+07 5.368111601313669235e+07 5.615504162662725151e+07 5.900761121737911552e+07 6.214240680838539451e+07 6.413826855367753655e+07 6.624730746229302138e+07 6.795741066653113067e+07 6.905323496163001657e+07 6.956067996696695685e+07 6.961329808199119568e+07 6.944677677073033154e+07 6.925916829762080312e+07 6.924245637346047163e+07 6.948461884852765501e+07 6.993047363431359828e+07 7.050168440073439479e+07 7.107984481940281391e+07 7.153017190048773587e+07 7.172078451502107084e+07 7.161629046029847860e+07 7.126369531954297423e+07 7.075047609542562068e+07 7.015818709678742290e+07 6.957473886278459430e+07 6.907535853763739765e+07 6.873215375688487291e+07 6.851611510426053405e+07 6.836842036535859108e+07 6.822009938578854501e+07 6.803165087787051499e+07 6.778569504140123725e+07 6.748493272947831452e+07 6.712022946813338995e+07 6.670230973930178583e+07 6.624231305405796319e+07 6.576535570742642879e+07 6.529478760150866210e+07 6.484715774956352264e+07 6.444066157376882434e+07 6.406170963209740072e+07 6.370436891208215058e+07 6.335834151769757271e+07 1.337251272422809387e+06 2.454021742417863570e+06 4.087565288426287472e+06 5.230264374060482718e+06 6.189777948201899417e+06 6.968146772530525923e+06 7.768479578311596997e+06 8.664402816304923967e+06 9.602725740287858993e+06 1.038537967753009684e+07 1.155017423446676694e+07 1.214228783861496113e+07 1.274329303421037830e+07 1.320239459566221014e+07 1.346108029908228293e+07 1.363868096393432096e+07 1.373464315032854117e+07 1.384326988852636702e+07 1.394576621768443845e+07 1.411690300992169604e+07 1.435118696341766790e+07 1.461734616104485653e+07 1.486370519704501517e+07 1.504983786603732780e+07 1.518920276043598540e+07 1.523063969285421632e+07 1.520249790150966309e+07 1.512579821351682767e+07 1.505001002716007829e+07 1.494834121376814879e+07 1.486155125503615476e+07 1.481511720792912878e+07 1.477882073409184255e+07 1.475633184661761299e+07 1.473267033584593609e+07 1.468237236945737526e+07 1.462605316303176247e+07 1.455612900826686993e+07 1.447130777484961972e+07 1.436579117750703357e+07 1.425800797712904587e+07 1.413996603067658283e+07 1.402476537708417326e+07 1.391436300417556800e+07 1.379655275295412913e+07 1.369089520274750516e+07 1.358812900067403167e+07 1.348588084941032901e+07
3.385006250528015941e+07 3.789981441510619968e+07 4.252589763937345892e+07 4.674078287631321698e+07 5.025125600497593731e+07 5.309430402577887475e+07 5.570238550704409927e+07 5.831446287843886763e+07 6.110445897957829386e+07 6.413826855367753655e+07 6.723808212421980500e+07 6.929746081022916734e+07 7.103303625601603091e+07 7.220285372960580885e+07 7.275133405958206952e+07 7.280614596912322938e+07 7.262858365199476480e+07 7.244279081635656953e+07 7.242301062628586590e+07 7.266836072389382124e+07 7.315984349601565301e+07 7.377846368575786054e+07 7.439401231417407095e+07 7.487487505663652718e+07 7.508196315656057000e+07 7.497477837983386219e+07 7.460314296875491738e+07 7.405569768034005165e+07 7.341985482391022146e+07 7.279801486954465508e+07 7.226980335676939785e+07 7.190100432524894178e+07 7.167163234618173540e+07 7.151300136643096805e+07 7.135850465196305513e+07 7.115412792055684328e+07 7.089486746250262856e+07 7.057294759903188050e+07 7.018737052638243139e+07 6.974303685777990520e+07 6.925267969459918141e+07 6.874239158699543774e+07 6.824040331732572615e+07 6.776364544456647336e+07 6.732820944596563280e+07 6.692123607345423847e+07 6.653939456659596413e+07 6.617023040172334015e+07 1.485751225618140539e+06 2.639716301283214241e+06 3.709316234620648436e+06 5.305756465662574396e+06 6.548212974687041715e+06 7.437579408534667455e+06 8.249667334537079558e+06 9.091043561181655154e+06 1.005468878851291165e+07 1.121936932874131389e+07 1.209382499647162855e+07 1.315482123997975141e+07 1.366633213425128348e+07 1.412761694793854654e+07 1.441198481831574440e+07 1.460550733258612081e+07 1.471466600076079182e+07 1.480724639488677308e+07 1.493675223421288282e+07 1.511685042659825273e+07 1.535770696246224083e+07 1.564453012971398793e+07 1.590808927148350701e+07 1.612435799760181829e+07 1.626106086015729792e+07 1.630427916589333862e+07 1.627479071562360786e+07 1.619531521817804873e+07 1.610087631240378134e+07 1.599448322405773588e+07 1.590612587209070474e+07 1.585095364540866762e+07 1.581650186219393834e+07 1.580473862572340667e+07 1.577116072375549562e+07 1.571931426012539491e+07 1.566002091372282803e+07 1.558367071362444386e+07 1.549552243233785965e+07 1.538802521637437679e+07 1.526821904713385180e+07 1.514580356416619942e+07 1.501986411153709702e+07 1.489786221074850112e+07 1.477527025771759450e+07 1.466703027245986089e+07 1.455192242398079485e+07 1.444125644829149358e+07
3.417372690870006382e+07 3.864937435173467547e+07 4.349585195565580577e+07 4.797488425590889156e+07 5.168244887856745720e+07 5.474225539048754424e+07 5.751834260980942100e+07 6.026925393019828200e+07 6.318744735838308185e+07 6.624730746229302138e+07 6.929746081022916734e+07 7.217746090188726783e+07 7.385871958000525832e+07 7.500817426025168598e+07 7.556240112391611934e+07 7.563267971225370467e+07 7.544400266419845819e+07 7.525602959828698635e+07 7.524327136315494776e+07 7.550119603398105502e+07 7.602661664468330145e+07 7.667958106314478815e+07 7.734077442332215607e+07 7.785318767578841746e+07 7.808243371317076683e+07 7.796516045075237751e+07 7.756883301053945720e+07 7.699127473166206479e+07 7.632408493999238312e+07 7.566898461339133978e+07 7.510770457498894632e+07 7.472174381559553742e+07 7.448260011242024601e+07 7.431917413908219337e+07 7.415521214568933845e+07 7.394450483939583600e+07 7.366914462608197331e+07 7.333375150439020991e+07 7.292757837325610220e+07 7.245433775810238719e+07 7.193705440333381295e+07 7.139953681498874724e+07 7.086794897992923856e+07 7.036319248825106025e+07 6.990353723977501690e+07 6.947638756633275747e+07 6.907401429793141782e+07 6.868473180106177926e+07 1.704404222752838861e+06 2.754603497802319471e+06 4.061056932474420872e+06 5.688015754736920819e+06 6.827825381998034194e+06 7.854898029459048994e+06 8.758943942992575467e+06 9.661428698281213641e+06 1.060724514388479292e+07 1.171243190148753859e+07 1.287147918606058881e+07 1.369715682879830152e+07 1.453093209641053341e+07 1.496424565888660029e+07 1.526550444748179615e+07 1.544650455084013380e+07 1.556775149844958074e+07 1.566819815737677552e+07 1.580795002745739929e+07 1.600419133885437995e+07 1.627666466093647666e+07 1.657306146732625738e+07 1.684112688256665319e+07 1.706371617857500911e+07 1.720906674500756338e+07 1.725494890456117317e+07 1.723172724346210435e+07 1.715040435584804043e+07 1.704596323078930005e+07 1.692745616592419147e+07 1.683147314908329770e+07 1.677685835823164135e+07 1.674567406384102255e+07 1.672387487041244097e+07 1.669735351688199677e+07 1.664619678030520305e+07 1.658629030032255873e+07 1.650317764949312434e+07 1.640441177092950046e+07 1.629388835343049467e+07 1.616725268311155774e+07 1.603210470830370300e+07 1.590317230423113890e+07 1.577791590983656794e+07 1.564903014819426090e+07 1.552784218180535734e+07 1.541113240941632539e+07 1.529647529286955483e+07
3.468524054920372367e+07 3.931726797632981837e+07 4.437168710861656815e+07 4.891748904164156318e+07 5.274146513921249658e+07 5.596117053379787505e+07 5.886532227576874942e+07 6.175885582630694658e+07 6.479793409811773151e+07 6.795741066653113067e+07 7.103303625601603091e+07 7.385871958000525832e+07 7.613907451710012555e+07 7.721743646328915656e+07 7.773984185212218761e+07 7.781009941758482158e+07 7.761114343581086397e+07 7.741977063519279659e+07 7.741436297334569693e+07 7.768597100523413718e+07 7.824209294460497797e+07 7.892754075996971130e+07 7.961433447584812343e+07 8.015414132822223008e+07 8.039451675090105832e+07 8.027126149721968174e+07 7.986261758714133501e+07 7.926718433194616437e+07 7.857410463383749127e+07 7.789048167294162512e+07 7.730847773915502429e+07 7.690841961343562603e+07 7.665995913841308653e+07 7.648999903207722306e+07 7.632389349931074679e+07 7.610521131051334739e+07 7.581859476981163025e+07 7.547053031701695919e+07 7.505201056680320203e+07 7.456261564450082183e+07 7.402258001659639180e+07 7.346334832027450204e+07 7.291137707132203877e+07 7.238627230307091773e+07 7.190710793584555387e+07 7.146493949316905439e+07 7.104624952322405577e+07 7.064282237236773968e+07 2.013553228846028447e+06 3.088012717168016825e+06 4.458054866055643186e+06 5.900393286380510777e+06 7.108874216335944831e+06 8.118953525247977115e+06 9.064033468354344368e+06 1.008642382881052047e+07 1.106819743639435992e+07 1.215825204677972198e+07 1.326075538999040984e+07 1.433630251356673986e+07 1.500510636052779108e+07 1.569336070633743331e+07 1.594676728439041227e+07 1.610411576687910408e+07 1.622672108152576722e+07 1.631747082903351635e+07 1.646391458629603311e+07 1.668206181469204649e+07 1.696367719366669282e+07 1.726257330892943963e+07 1.754761725589029118e+07 1.778558718536741287e+07 1.793439642027029395e+07 1.798206906527393311e+07 1.795964554162862897e+07 1.788159663161090761e+07 1.776845607527555153e+07 1.764887294789572060e+07 1.755075887624783069e+07 1.749561719830104336e+07 1.746155649451182410e+07 1.744054966618011147e+07 1.741610876907959580e+07 1.736424762991768494e+07 1.730136922806544229e+07 1.721342606353196502e+07 1.710459173628112301e+07 1.698825723836893961e+07 1.686265961354395002e+07 1.672311064842979424e+07 1.658553676328392886e+07 1.645508017581068911e+07 1.632757092550732568e+07 1.620368573579234444e+07 1.608164000706775114e+07 1.596089955086315051e+07
3.494114454523263872e+07 3.977753559437506646e+07 4.485992072679513693e+07 4.949225063207255304e+07 5.342051305400972068e+07 5.672520015263587981e+07 5.969929235884269327e+07 6.268500367307706922e+07 6.581724306789720803e+07 6.905323496163001657e+07 7.220285372960580885e+07 7.500817426025168598e+07 7.721743646328915656e+07 7.874884438825620711e+07 7.919851046718281507e+07 7.921116534565365314e+07 7.900940239410535991e+07 7.880849242462413013e+07 7.880253175612676144e+07 7.908921182458131015e+07 7.965425607770068944e+07 8.036552695585185289e+07 8.107898714087229967e+07 8.163633294712957740e+07 8.188711675489349663e+07 8.176244682169860601e+07 8.134750607035143673e+07 8.073685029695336521e+07 8.003032465457411110e+07 7.932908494550250471e+07 7.873203677117460966e+07 7.832522194384017587e+07 7.807546873601157963e+07 7.790252674487885833e+07 7.773540750047324598e+07 7.751285948555447161e+07 7.722119257808661461e+07 7.686604050901803374e+07 7.643781737301179767e+07 7.593867324570594728e+07 7.538662940666308999e+07 7.481396239554281533e+07 7.424646153051258624e+07 7.371089945330783725e+07 7.322103599511504173e+07 7.276713252528989315e+07 7.234157114170932770e+07 7.192764596166990697e+07 1.722029268411075929e+06 3.072312612080008257e+06 4.684500676729289815e+06 6.081764692557406612e+06 7.187060198492459953e+06 8.218861328285173513e+06 9.274095111498912796e+06 1.026931096162075363e+07 1.129275968191176094e+07 1.245277194409125485e+07 1.355076921041029319e+07 1.460524698034528457e+07 1.549052254670318402e+07 1.598005218643680215e+07 1.640705025197632611e+07 1.655057676556615904e+07 1.664743979753035121e+07 1.674375180283959396e+07 1.688101502932617813e+07 1.710775565905279666e+07 1.739239019809047505e+07 1.769913477294209599e+07 1.799826523795204237e+07 1.823624642694273964e+07 1.839284044719823450e+07 1.844758878271269798e+07 1.841879879343882203e+07 1.833992324473046139e+07 1.822883095293073356e+07 1.811107760816967860e+07 1.801554960944826901e+07 1.795515797832442820e+07 1.791910269902658835e+07 1.790123222119209170e+07 1.787392278358649090e+07 1.782070022793085873e+07 1.775446436005375534e+07 1.766664034401691705e+07 1.756366677954380214e+07 1.744646668510498479e+07 1.731812855297245458e+07 1.717884247799307108e+07 1.703770082201912254e+07 1.690056819805891439e+07 1.676767435204731859e+07 1.664221289288258925e+07 1.651776101187653653e+07 1.639390151830098964e+07
3.491899822501948476e+07 3.987001588920624554e+07 4.508829669502507150e+07 4.982972925025115162e+07 5.379658060359408706e+07 5.708521047611624748e+07 6.009037107608511299e+07 6.310476457465335727e+07 6.627202224933993816e+07 6.956067996696695685e+07 7.275133405958206952e+07 7.556240112391611934e+07 7.773984185212218761e+07 7.919851046718281507e+07 7.996706133516398072e+07 7.991274448185373843e+07 7.965827486246727407e+07 7.945462269759947062e+07 7.945485362960341573e+07 7.974627849072039127e+07 8.032405334867469966e+07 8.104600505318620801e+07 8.176492375435163081e+07 8.233231748421689868e+07 8.258980191222666204e+07 8.246977183037480712e+07 8.205209853435376287e+07 8.143977974348066747e+07 8.072699023860290647e+07 8.001921058033019304e+07 7.942086960895732045e+07 7.901274762367802858e+07 7.875691046469528973e+07 7.858650214841927588e+07 7.841984294389663637e+07 7.819463660324992239e+07 7.790395345716401935e+07 7.754480986617523432e+07 7.711200902301265299e+07 7.660829305148391426e+07 7.605326708434009552e+07 7.547622544133184850e+07 7.490361288990202546e+07 7.436396020947742462e+07 7.386809765212190151e+07 7.341094526687279344e+07 7.298062548879541457e+07 7.256425036968730390e+07 1.770451379375627032e+06 3.369894366580446716e+06 5.000091447752163745e+06 6.237924934800009243e+06 7.374223219828725792e+06 8.388053308848146349e+06 9.397925827473856509e+06 1.038468602722605132e+07 1.142021102141408809e+07 1.259170861339672655e+07 1.369915135026341304e+07 1.473662433196489513e+07 1.558195664189762063e+07 1.623205838158133626e+07 1.651848729845057614e+07 1.677222481362235174e+07 1.683513724659683183e+07 1.693462313499624655e+07 1.708230679439546540e+07 1.729484747448352724e+07 1.758608970480568707e+07 1.789988716293818876e+07 1.820810272132117674e+07 1.845463829846238717e+07 1.861283021174081042e+07 1.866575508244584128e+07 1.864600027536093071e+07 1.855738238004954904e+07 1.844674273929340392e+07 1.833132737812216952e+07 1.823216896271488816e+07 1.817419763092939183e+07 1.814134452296530083e+07 1.812009454443476349e+07 1.809399572493989766e+07 1.804117654146446288e+07 1.796989257619907334e+07 1.788330257024776191e+07 1.778168871420537308e+07 1.765937539437271282e+07 1.752878966298605129e+07 1.739355960605025664e+07 1.725127136665321514e+07 1.711387504564182833e+07 1.698245472343388200e+07 1.685712748336928710e+07 1.672891499970338680e+07 1.660322138090804964e+07
3.494479017230711877e+07 3.978945479069047421e+07 4.502973861202578992e+07 4.985885321469127387e+07 5.385353637848407775e+07 5.711218783909669518e+07 6.015165087161795795e+07 6.316526150900042057e+07 6.632526689156332612e+07 6.961329808199119568e+07 7.280614596912322938e+07 7.563267971225370467e+07 7.781009941758482158e+07 7.921116534565365314e+07 7.991274448185373843e+07 8.010110679525372386e+07 7.979801373051346838e+07 7.956411820970359445e+07 7.955728868087098002e+07 7.985395282938876748e+07 8.043579091105908155e+07 8.116561384711682796e+07 8.188691479105015099e+07 8.245743110723082721e+07 8.272002615906667709e+07 8.260243133641123772e+07 8.218850317307817936e+07 8.157932487392012775e+07 8.086436730681215227e+07 8.015644910210418701e+07 7.955943944590950012e+07 7.915386870081134140e+07 7.890148324828077853e+07 7.873301026678736508e+07 7.856838270088216662e+07 7.834639210108140111e+07 7.805905105410254002e+07 7.769935916378130019e+07 7.726679444098603725e+07 7.676289908444300294e+07 7.621030886437258124e+07 7.563331776881872118e+07 7.506182154918009043e+07 7.452273646157333255e+07 7.402778059857682884e+07 7.357204792184484005e+07 7.314216639081929624e+07 7.272553701955752075e+07 1.788065707688820316e+06 3.326869856362278108e+06 4.891849702502663247e+06 6.267193608304117806e+06 7.429765160377212800e+06 8.413618232577679679e+06 9.397837178423343226e+06 1.036152826687301323e+07 1.140220797901939973e+07 1.255241155809201300e+07 1.370830747994635813e+07 1.474961518120633997e+07 1.557281115161100216e+07 1.618761232928226329e+07 1.657232101242765225e+07 1.672492911415373161e+07 1.687352517405424640e+07 1.695094229570855200e+07 1.709494326663127914e+07 1.731924855821538717e+07 1.761346255644160137e+07 1.792873642936867103e+07 1.823003065984224156e+07 1.847433124428277835e+07 1.863652291894293949e+07 1.868785089560772479e+07 1.866427222707476094e+07 1.858074041218168288e+07 1.847491148004076257e+07 1.836475192618585750e+07 1.826474525132384151e+07 1.820457698989752680e+07 1.817452741507411003e+07 1.815415700859157741e+07 1.813214076762017608e+07 1.808466796135192364e+07 1.801117804075368866e+07 1.792490132933020964e+07 1.782319043687879667e+07 1.770300628797819465e+07 1.757137741187193245e+07 1.743869743461901695e+07 1.729816175385854021e+07 1.715969747503726929e+07 1.703009777588540688e+07 1.690416580968478322e+07 1.677595412978128903e+07 1.665047115097812936e+07
