6.852057164541378617e+07 2.068465005082266778e+07 6.362029040847487748e+06 3.189422928706533741e+06 3.075797839299261570e+06 2.500375299726280849e+06 1.805779227731161285e+06 8.778034318387955427e+05 3.262394075777476246e+04 -4.789342396701478865e+05 -6.913932839739308693e+05 -7.872275746852417942e+05 -2.778037221260668593e+05 2.420444380095978267e+05 6.690753487424573395e+05 1.040055726458054036e+06 1.173725976871887920e+06 1.026800866133833537e+06 5.303162142258120002e+05 1.413181610514958738e+05 -2.486928869445797172e+05 -5.936401298949138727e+05 -5.828094521415116033e+05 -5.318250975232959026e+05 -2.838733163567997981e+05 -4.721970478711897158e+04 2.009877769533187384e+05 3.903414298643693328e+05 4.473969529243268189e+05 3.609674476853279630e+05 2.302892795173079649e+05 4.536241466543688875e+04 -9.082234064695533016e+04 -1.829827363529135473e+05 -2.436432763162019546e+05 -2.202972434400836355e+05 -1.505010988456394407e+05 -6.325261096359907970e+04 1.347792331795147038e+04 4.189489078862726456e+04 7.661529813420676510e+04 8.159334565425502660e+04 5.822721197497376852e+04 9.401918843459621712e+03 -3.980073838125841576e+04 -5.670507891596894478e+04 -5.310708665885301161e+04 -7.567122934857927612e+04 2.421955823010280356e+07 3.625880755068220943e+07 1.225458181044684164e+07 1.864699535047013313e+06 1.197431771391555201e+06 1.415536518322380725e+06 1.207231751818037592e+06 4.613789628253133851e+05 -3.351595452685332857e+05 -2.933251028117195820e+05 -5.603892231547423871e+05 -4.389169778911442263e+05 4.252272361352428561e+03 -9.430987988700965070e+04 5.286545144651303999e+05 8.128590681872023270e+05 9.916454640283877961e+05 6.123526671372480923e+05 3.529803307363654021e+05 1.323583580690734670e+05 -8.352224824610821088e+04 -2.773011393021561671e+05 -4.146808160916352062e+05 -3.092431484715763945e+05 -2.717029517967682332e+05 1.069775112894235644e+04 1.991966416069442057e+05 3.026757396326619200e+05 2.545457241287196230e+05 1.777920223164710333e+05 9.197939530419991934e+04 -5.122558388261670916e+04 -1.043754533428974828e+05 -1.669013812972963206e+05 -1.662466360569546232e+05 -1.517172181008485786e+05 -1.481331320403254358e+05 -3.738913160032125597e+04 3.287770134716676694e+04 9.377524600756794098e+04 6.520622238417236076e+04 3.185224466392393151e+04 1.351739611676847562e+04 -4.733877692936457606e+03 -3.020202603622182141e+04 -7.335063662668933102e+04 -8.002097246702322445e+04 -4.771308668638441304e+04
2.068465005082266778e+07 3.700053954535263032e+07 1.540768756003427505e+07 8.530622824186440557e+06 7.639570390453635715e+06 6.193170647287873551e+06 4.106322495202038437e+06 1.987986472210960928e+06 4.090347867188973760e+04 -1.249796452639641240e+06 -2.202294405003456399e+06 -2.082092189285491826e+06 -1.071497405087747145e+06 3.576918815232476918e+05 1.652197804974823259e+06 2.492607970216213726e+06 2.891007863353209104e+06 2.483628274403507821e+06 1.487964921379663981e+06 3.342809469667953672e+05 -7.267066204883776372e+05 -1.462505981711076107e+06 -1.672646967144215712e+06 -1.428500764260058291e+06 -8.875057748855508398e+05 -2.108829767614425509e+05 5.145531277364103589e+05 9.383647725832962897e+05 1.036454783231131034e+06 8.246835925937113352e+05 4.894352395604859921e+05 9.837504507242707768e+04 -2.596668862343470391e+05 -5.401983003098426852e+05 -6.460685247213549446e+05 -5.829728972531644395e+05 -3.879944669041433372e+05 -1.330507025003933231e+05 7.629468085241064546e+04 1.814068874390780402e+05 2.118222212934973941e+05 1.850848986229092116e+05 9.946155325370117498e+04 1.797697043144816780e+04 -5.588993103813366906e+04 -9.897620513441128423e+04 -1.208253952572794224e+05 -1.560879942610899743e+05 1.615385520458789542e+07 9.921895715256638825e+06 2.127387092303161696e+07 9.279016321293873712e+06 4.277268795513546094e+06 3.344264956514352001e+06 2.455772869660507888e+06 1.284724038355053402e+06 -4.161260094882809790e+04 -8.416953070493026171e+05 -1.411186461270730011e+06 -1.347154319894389715e+06 -5.502192422461655224e+05 1.594878676469912753e+05 9.884477913304639515e+05 1.513156159105882514e+06 1.660485478068112163e+06 1.345355147533020005e+06 8.082233688308016863e+05 7.687917390047326626e+04 -4.980236136413404020e+05 -9.181533862522698473e+05 -9.852291802011686377e+05 -8.287858973224301590e+05 -5.278541238563241204e+05 -4.937205805042016436e+03 3.276958264630310587e+05 5.936178782453838503e+05 6.110288015989551786e+05 5.029989094013440190e+05 2.841028214682262624e+05 4.520294988757802639e+04 -1.185902749822296464e+05 -2.824809870131383650e+05 -3.697522503075142158e+05 -2.783163093256567372e+05 -1.585087224678188795e+05 -3.153167827354824840e+04 8.443024783514696173e+04 1.570671274330598535e+05 1.214407676668990171e+05 8.440359069952242135e+04 8.483531046347272058e+04 2.764059300883996912e+04 -2.401317382884174731e+04 -7.392681579398468602e+04 -8.347204596154381579e+04 -6.111898716111000977e+04
6.362029040847487748e+06 1.540768756003427505e+07 2.737931389296194911e+07 1.697502145311535150e+07 1.313346125522619113e+07 1.020546367202087492e+07 7.189132535336950794e+06 3.556017854669553228e+06 2.007210987654041965e+05 -2.339094197722183075e+06 -3.657647185133258812e+06 -3.500700765806924086e+06 -1.861071932748320978e+06 4.202042417044249014e+05 2.747875741318730172e+06 4.264633763726975769e+06 4.785330794985308312e+06 4.094284232740955893e+06 2.508747414237071760e+06 5.396799504692655755e+05 -1.270478505984451855e+06 -2.542460232427559793e+06 -2.883210531654017512e+06 -2.517602501427271403e+06 -1.569578153676104266e+06 -3.448595829159211135e+05 7.887331443887873320e+05 1.548652492821553489e+06 1.699072571111387806e+06 1.395455377357558347e+06 8.211172628342820099e+05 1.676459353503740276e+05 -4.690372082665684284e+05 -9.438759995484863175e+05 -1.131592069991940167e+06 -9.936492580171820009e+05 -6.599745691201339941e+05 -2.296521083672004170e+05 1.287055423548375547e+05 3.283116943189262529e+05 3.688622628071429208e+05 3.109296171029821853e+05 1.764620482920054055e+05 3.676020081471380399e+04 -7.919612855732570461e+04 -1.627174896067795635e+05 -2.268626457375230093e+05 -2.458657274461934867e+05 8.635771642102405429e+06 1.292166864852066897e+07 1.171320426871831343e+07 1.554448710497423261e+07 8.519702744458090514e+06 5.934257505170020275e+06 3.761412812844388187e+06 1.833041829262467567e+06 -1.322854922860987135e+05 -1.303126054349787068e+06 -2.028915593732444569e+06 -1.974383964632330230e+06 -9.749972742676682537e+05 4.119126415904986789e+05 1.741138464227601420e+06 2.589651884924919810e+06 2.817180830511809327e+06 2.214730627492272295e+06 1.226130907317041652e+06 1.418844876073774067e+05 -8.023693254350743955e+05 -1.467355639035957400e+06 -1.668842934298708336e+06 -1.410831958071054658e+06 -8.997085898563099327e+05 -1.023142556908485858e+05 5.935659082188643515e+05 9.529592320145876147e+05 1.036278853206817177e+06 8.169724821012085304e+05 4.422630454384646728e+05 6.409410996892661205e+04 -2.488279652150832990e+05 -5.459180823312684661e+05 -6.571772064659806201e+05 -5.745531376400334993e+05 -3.357620496106648352e+05 -1.016189850671151798e+05 1.369680576227072452e+05 2.446756444841522025e+05 2.269051971649512998e+05 1.756257136801373563e+05 1.199669134439896006e+05 3.169021641557415569e+04 -3.872888657404480909e+04 -9.882375915220013121e+04 -1.239227134823212982e+05 -1.538756441246589820e+05
3.189422928706533741e+06 8.530622824186440557e+06 1.697502145311535150e+07 2.543836360977178812e+07 1.832394390137593076e+07 1.291298501686182246e+07 8.668323386494275182e+06 4.222485495756707154e+06 1.940173092252301576e+05 -2.994906265335754491e+06 -4.561108101777851582e+06 -4.314134734387073666e+06 -2.407423070572394412e+06 4.423743509279899881e+05 3.418428012335974257e+06 5.445829206067625433e+06 6.016052174011834897e+06 5.130541682336561382e+06 3.127051906365772709e+06 6.565290830627506366e+05 -1.589723217725337949e+06 -3.186717142314481083e+06 -3.661097727946741041e+06 -3.172547138442540541e+06 -1.980229805445344886e+06 -4.434819661228548503e+05 1.004889920936661656e+06 1.939340390328466892e+06 2.144951971767781768e+06 1.745696348124675686e+06 1.014339850404776167e+06 1.784078720794112014e+05 -6.019665845475995447e+05 -1.203666313906025840e+06 -1.444728481575197773e+06 -1.275459709339400521e+06 -8.442489704508801224e+05 -2.993787443642361904e+05 1.640732676642926526e+05 4.145788336906966870e+05 4.658251427380293608e+05 3.844041216937486897e+05 2.192293419572190614e+05 4.208185984280250705e+04 -9.958124990625397186e+04 -2.112258920676382550e+05 -2.863718077155748033e+05 -3.174745245802142308e+05 2.470722457878931426e+06 6.143746040425284766e+06 1.115371674517608806e+07 1.058963485365993343e+07 1.189783164430803247e+07 7.393646609040203504e+06 3.949464801176723558e+06 1.724384671585643198e+06 -2.277880049684939440e+05 -1.862455589373743627e+06 -2.764506302717078477e+06 -2.650338676541933324e+06 -1.398269699588687159e+06 4.471819428612695192e+05 2.128076440207770094e+06 3.098340232953397091e+06 3.345967203912949190e+06 2.732320575381458737e+06 1.572720432917370228e+06 1.912523073887784558e+05 -1.046914277511138702e+06 -1.866744027603542665e+06 -2.092349514661222696e+06 -1.776775650828459999e+06 -1.076648772258808371e+06 -1.559240226301347429e+05 6.609697673718720907e+05 1.191228473245785572e+06 1.260750277883953881e+06 9.951391753171901219e+05 5.392967988771265373e+05 7.830785436960755032e+04 -3.749169658884366509e+05 -7.116289222285680007e+05 -8.301109953024515416e+05 -7.212008995924522169e+05 -4.437266261598177953e+05 -1.406825698152371624e+05 1.444308911069151363e+05 2.740209994883355103e+05 2.913569758418189012e+05 2.396857723134694970e+05 1.329117978084276838e+05 2.945766117678708542e+04 -5.269250327040997217e+04 -1.161835085349673172e+05 -1.542087843967126973e+05 -1.738225440593593521e+05
3.075797839299261570e+06 7.639570390453635715e+06 1.313346125522619113e+07 1.832394390137593076e+07 2.098362362746117637e+07 1.417526054058410786e+07 8.787938351771948859e+06 4.181080856164324563e+06 1.346741264819048229e+05 -2.918161437948675361e+06 -4.493378021057503298e+06 -4.260037065859124064e+06 -2.393501171919338871e+06 4.578773271025144495e+05 3.426427496018744074e+06 5.460202511957311071e+06 6.015933895506818779e+06 5.149142113957405090e+06 3.114961302625192329e+06 6.592519632548317313e+05 -1.587154543373638066e+06 -3.182130166636290029e+06 -3.652358668367802631e+06 -3.161054585057158489e+06 -1.970922984701092821e+06 -4.299551298500405392e+05 9.986176086378333857e+05 1.943956029815171845e+06 2.136238630709073041e+06 1.750407161895057186e+06 1.028042208174515632e+06 1.760378719036393450e+05 -6.022784277546383673e+05 -1.189352123168409104e+06 -1.438641876941729337e+06 -1.274220532743515680e+06 -8.276711036546581890e+05 -2.883290822079369682e+05 1.710625364246506942e+05 4.209793961697532795e+05 4.721550639112994540e+05 3.833526310038099764e+05 2.207694709987283859e+05 4.131891990911514586e+04 -9.986497269775542372e+04 -2.080001322718667216e+05 -2.798263045493091922e+05 -3.107394649131693877e+05 2.580999774050835986e+06 3.494575244687314611e+06 7.526826347725003026e+06 1.131861936836062744e+07 9.043806222252108157e+06 8.559817346152180806e+06 4.643003423906287178e+06 1.880468215567351086e+06 -3.466044640371769201e+05 -1.934865094941638876e+06 -2.733275076785702724e+06 -2.599722705199866556e+06 -1.328054659539793618e+06 4.795573889064646792e+05 2.111255929966563359e+06 3.056326935638659168e+06 3.435313974596121814e+06 2.876619211025893223e+06 1.642973973544075154e+06 2.080954549624035135e+05 -1.046057366401977022e+06 -1.888942343332589371e+06 -2.131001162043061107e+06 -1.788741469164496753e+06 -1.068771383607147960e+06 -1.653615231026882830e+05 6.812341439849052113e+05 1.193323121797691798e+06 1.267525530042172177e+06 1.000883871682314202e+06 5.455494465759164887e+05 8.132135210427173297e+04 -3.767273199406797066e+05 -7.066935125767311547e+05 -8.165956487021674402e+05 -7.159494018576969393e+05 -4.570845639612594969e+05 -1.450177361748763069e+05 1.307545864980898914e+05 2.745836434537718305e+05 2.922622797767609591e+05 2.362890279404050671e+05 1.348414983553872444e+05 2.428763371112575987e+04 -6.348171551247221214e+04 -1.348576410514324380e+05 -1.532779580643745721e+05 -1.573645183821698010e+05
2.500375299726280849e+06 6.193170647287873551e+06 1.020546367202087492e+07 1.291298501686182246e+07 1.417526054058410786e+07 1.386708642930428870e+07 8.067584387225377373e+06 3.505663697080604732e+06 4.062625853767048102e+04 -2.453149259320504963e+06 -3.717254066109776497e+06 -3.489419035481228959e+06 -1.938751501403583214e+06 4.086483901525725378e+05 2.812340677977866028e+06 4.460837509789627977e+06 4.946976387692286633e+06 4.204948668114906177e+06 2.572971962619733997e+06 5.472428355450163363e+05 -1.310928752458380768e+06 -2.638346875553841703e+06 -3.011118601123340894e+06 -2.591804253049777821e+06 -1.626560078987792600e+06 -3.720593222863162518e+05 8.256561930887285853e+05 1.597069391310272040e+06 1.754972735233600484e+06 1.442053103307032958e+06 8.479361536687911721e+05 1.520057435690981511e+05 -4.925703512757590506e+05 -9.826989528862639563e+05 -1.191052517722583609e+06 -1.056876183499845676e+06 -6.916034636377624702e+05 -2.395839557566281874e+05 1.444120680885053007e+05 3.524800415337932063e+05 3.876821498150947737e+05 3.179833105112760095e+05 1.812388417034544691e+05 3.652740600541467575e+04 -8.076217409818498709e+04 -1.750912946868048748e+05 -2.322302183373018634e+05 -2.571320072941653780e+05 1.309600537234606687e+06 2.733899894349230919e+06 5.551202540940032341e+06 7.395761839164779522e+06 7.879203168160266243e+06 5.984282028145331889e+06 4.685120139704937115e+06 1.773702984945192933e+06 -3.484972497371424106e+05 -1.718529412037362345e+06 -2.230929611211620737e+06 -2.005568029383498710e+06 -1.125717413577244850e+06 2.575402163968595851e+05 1.695225978364234790e+06 2.611088512423390057e+06 2.855377354807131924e+06 2.382864610754758120e+06 1.335431174365635263e+06 1.725201902418936079e+05 -8.920404702020206023e+05 -1.535150459444631822e+06 -1.735971571891814936e+06 -1.459640505751907127e+06 -8.472515131004137220e+05 -1.129956840750548290e+05 5.768008815703022992e+05 9.930522785577714676e+05 1.044747938946573297e+06 8.337028866747925058e+05 4.633515349044949980e+05 6.956932112251911894e+04 -3.072095309325420531e+05 -5.702090997762916377e+05 -6.732755151383269113e+05 -5.835101543252930278e+05 -3.707786625744733610e+05 -1.158413398764693993e+05 1.075525157034650474e+05 2.274191022281568148e+05 2.484444084359832632e+05 1.932193825377156027e+05 1.085355775455532712e+05 2.049666958764904120e+04 -5.267108537488269212e+04 -1.104708413031636737e+05 -1.365760681506958790e+05 -1.395890532686468796e+05
1.805779227731161285e+06 4.106322495202038437e+06 7.189132535336950794e+06 8.668323386494275182e+06 8.787938351771948859e+06 8.067584387225377373e+06 6.931443296715518460e+06 3.051803374200684950e+06 1.926260340324083809e+05 -1.640875369565744186e+06 -2.499401741783308797e+06 -2.334080070634966716e+06 -1.283821624623905635e+06 2.832869113753117272e+05 1.897191714955437928e+06 3.038111569850497413e+06 3.348370387549454346e+06 2.862149616917071864e+06 1.753713250796582084e+06 3.704694240874078241e+05 -8.791794905444147298e+05 -1.770314226086939685e+06 -2.022971960755717009e+06 -1.738238168262998108e+06 -1.096246080982779851e+06 -2.351311236395069282e+05 5.654098587099200813e+05 1.078576413298720727e+06 1.177553970172366826e+06 9.760606178887890419e+05 5.778341539273643866e+05 1.104479823582612880e+05 -3.275528665371773532e+05 -6.626231944790636189e+05 -7.989245736271148780e+05 -7.012155523328649579e+05 -4.608363331720251008e+05 -1.611047839288382092e+05 1.004428689803822781e+05 2.371126856661161873e+05 2.665138336411279161e+05 2.203748153531902062e+05 1.271125691728296952e+05 2.387969733184254801e+04 -5.170157691029372654e+04 -1.138122488711239857e+05 -1.509997371263762761e+05 -1.715825481559415639e+05 1.632962360670888796e+06 2.346092207184353843e+06 3.952505247240609489e+06 4.490246043090041727e+06 4.404133164174140431e+06 4.360602715185058303e+06 2.653201265127185266e+06 1.765621154735155404e+06 -5.592003693998628296e+04 -1.100994457154020667e+06 -1.463651300326501718e+06 -1.362647303488256177e+06 -7.455288008403026033e+05 1.210383487504152872e+05 1.091880206403495278e+06 1.731574444132114062e+06 1.916686946762536885e+06 1.609799589611864183e+06 9.019735780531743076e+05 1.205053967143922491e+05 -5.942750268762216438e+05 -1.004112914396319655e+06 -1.136410346724227536e+06 -9.836118690898695495e+05 -5.727771342169664567e+05 -8.652941221210164076e+04 3.690692511636995478e+05 6.585911887930547819e+05 7.055901659627615009e+05 5.659461597426558146e+05 3.161725521650253795e+05 3.676225458421935036e+04 -2.143268215080594528e+05 -3.853687205817806534e+05 -4.508176466740779579e+05 -3.887972645178752136e+05 -2.441471254509717692e+05 -7.053055095716069627e+04 7.550170930093320203e+04 1.631566166652617685e+05 1.712297152978583763e+05 1.327531762945911905e+05 7.289034378705429845e+04 1.734048007775746373e+04 -3.431854680206150806e+04 -6.588409125786146615e+04 -8.944940868423816573e+04 -9.635280362816501292e+04
8.778034318387955427e+05 1.987986472210960928e+06 3.556017854669553228e+06 4.222485495756707154e+06 4.181080856164324563e+06 3.505663697080604732e+06 3.051803374200684950e+06 2.647715646758938208e+06 5.021333125843551825e+05 -7.164789831108978251e+05 -1.164647716853765305e+06 -1.089866814258031547e+06 -5.868741217288648477e+05 1.549234801260125241e+05 9.125166736575670075e+05 1.457059048532446381e+06 1.616959716535528423e+06 1.367575927060866728e+06 8.395367620396037819e+05 1.871874549491434591e+05 -4.021013080892369617e+05 -8.278820741241141222e+05 -9.561850108038273174e+05 -8.173454516875547124e+05 -5.132917522653012420e+05 -1.046592220194601105e+05 2.706181411032722681e+05 5.203285420694170753e+05 5.641766244111632695e+05 4.634579627791622770e+05 2.810438045695650508e+05 6.063560049617425102e+04 -1.492242146065440902e+05 -3.065748130179485888e+05 -3.718772368377581588e+05 -3.282152914715052466e+05 -2.116055153760298563e+05 -7.056807630713263643e+04 5.084055206289251510e+04 1.166247134760811314e+05 1.326046909967790707e+05 1.063078509100073716e+05 6.253649160379874229e+04 1.184457907500855981e+04 -2.217228893748808696e+04 -5.238586199119778030e+04 -7.131266237330979493e+04 -8.058313096421516093e+04 2.670614327523245593e+05 1.105374331013193820e+06 1.515919304610503837e+06 1.823616681855076225e+06 1.835300138899299782e+06 1.936126958171651233e+06 1.752374678274816833e+06 7.134413485329854302e+05 4.495716252464812715e+05 -3.684031248616079683e+05 -7.208220019422321348e+05 -6.817792810110974824e+05 -3.629870479264134774e+05 5.861970936036061903e+04 5.365223094495520927e+05 8.348396183367146878e+05 9.123850365239526145e+05 7.902658043244740693e+05 4.506946118234510068e+05 7.699395468324555259e+04 -2.581412890199485119e+05 -4.456206762875227141e+05 -5.064390421509677544e+05 -4.501118834972931654e+05 -2.626658738164740498e+05 -3.201948460115772468e+04 1.911013193990020955e+05 3.179911925781074096e+05 3.392726067949433927e+05 2.791942137860397343e+05 1.628113366784201644e+05 2.756154561920871129e+04 -9.285158620492753107e+04 -1.829252089745014673e+05 -2.101949979879931780e+05 -1.753592813722073915e+05 -1.117528606843798043e+05 -3.058331780283468106e+04 4.580636795208246622e+04 8.952709761969305691e+04 8.694339613511324569e+04 6.924954674722245545e+04 4.220319307304469112e+04 1.619335221207941140e+04 -1.373868347893926693e+04 -2.689716585761201713e+04 -3.417618894469228690e+04 -3.823355769317931845e+04
3.262394075777476246e+04 4.090347867188973760e+04 2.007210987654041965e+05 1.940173092252301576e+05 1.346741264819048229e+05 4.062625853767048102e+04 1.926260340324083809e+05 5.021333125843551825e+05 1.057446185012866743e+06 3.754005353815346025e+05 9.928184389045753051e+04 6.756878871749799873e+04 5.480027169994675205e+04 4.036225309557858418e+04 2.166070776970330189e+04 1.723308195905536559e+04 2.387931137470142130e+04 1.003278535134557933e+04 4.994018277038187989e+03 1.809743248395460614e+04 1.891302082132466239e+04 1.816007563494261194e+04 1.782211844610905246e+04 2.732024835709630133e+04 2.292152925716613026e+04 1.667783665120198202e+04 1.282178344818480218e+04 1.124181404064355229e+04 1.034919281238105032e+04 4.116736785866541140e+03 5.908388582948244220e+03 1.009642273436322648e+04 8.588768904212836787e+03 1.108997714210708000e+04 1.071425651895146621e+04 1.182225051685167273e+04 1.198638544984799228e+04 7.635353430355996352e+03 6.983094332585750635e+03 7.081744725906919484e+03 7.352743877340655672e+03 5.348826820046098874e+03 3.821734240421373215e+03 3.171986283919905418e+03 4.076883773495925652e+03 4.250362425851437365e+03 4.352969535919469308e+03 4.577302414248410969e+03 -4.387705346708062571e+05 7.543002247963452828e+04 4.042463511729770835e+04 -8.294859736487898044e+04 1.287767923727316957e+05 2.489854172522165754e+05 3.477270801253679092e+05 5.716936878212465672e+05 1.887252588330417639e+05 4.300066257929257699e+05 1.615973188825356192e+05 5.518229727852564247e+04 5.203797399572315771e+04 1.238403486214155419e+04 1.563574942853628090e+04 1.089292856995614056e+04 1.926199619064936269e+04 2.595034912116891064e+04 3.384332236022333745e+03 7.486020320696809904e+03 2.467998762692468154e+04 4.521389109415045095e+04 3.871296100676137576e+04 2.824665397283410493e+04 2.944944583396178859e+04 1.889753355048726735e+04 8.903434879014208491e+03 9.123421450154735794e+03 1.529630830576829067e+04 1.625976430239673573e+04 1.360805152127787005e+04 9.580555440124484448e+03 1.020350639245295133e+04 6.032322536734890264e+02 1.005683725985678393e+04 1.470166421799241834e+04 9.021185875616476551e+03 2.572690965528526249e+03 8.929749858213865082e+03 1.340872960464105199e+04 9.046778267659767153e+03 2.709447357009049938e+03 1.057024520449134070e+04 7.981141252897750746e+03 1.631712303401348208e+03 5.365819226950871780e+03 8.599117236370660976e+03 7.453394704663874109e+03
-4.789342396701478865e+05 -1.249796452639641240e+06 -2.339094197722183075e+06 -2.994906265335754491e+06 -2.918161437948675361e+06 -2.453149259320504963e+06 -1.640875369565744186e+06 -7.164789831108978251e+05 3.754005353815346025e+05 1.433070652863379102e+06 1.187977398409773130e+06 9.656417185121469665e+05 5.360848804405335104e+05 -6.472069359853827336e+04 -6.543257279527323553e+05 -1.069502177524162689e+06 -1.181258735552362399e+06 -1.018421661266516428e+06 -6.157101319409785792e+05 -1.024168166259815334e+05 3.463750358698655618e+05 6.584378839839590946e+05 7.582978466573803453e+05 6.626054535672267666e+05 4.188980537480550702e+05 1.138571561026703275e+05 -1.819511295919370314e+05 -3.753914126623125630e+05 -4.164628134219875792e+05 -3.394900763164893724e+05 -1.976763138691969798e+05 -2.783836162003331265e+04 1.308264416343907942e+05 2.524237286819823785e+05 3.013979144123666920e+05 2.710151403555534780e+05 1.801248814317048236e+05 7.105859842108227895e+04 -2.788969027132580959e+04 -7.827893788531988685e+04 -8.971950475589562848e+04 -7.266917638891132083e+04 -3.848065436245350429e+04 -4.691595156966029208e+03 2.630073677080395282e+04 4.799399209978782892e+04 6.221743165348973707e+04 6.779479613488038012e+04 -2.949980170930731110e+05 -9.377774687048129272e+05 -1.143118493200185010e+06 -1.480559758349594427e+06 -1.427799677550898632e+06 -1.114398120010351297e+06 -6.427626254613951314e+05 -9.753264489065390080e+04 3.866464693170674145e+05 5.643690287999678403e+05 9.343656875644334359e+05 6.302394047828988405e+05 3.186040735749592423e+05 -4.420195032748728408e+04 -4.174895032316777506e+05 -6.261270610475831199e+05 -6.718183476942436537e+05 -5.311141780070664827e+05 -3.087448407877452555e+05 -2.987393090682093316e+04 2.248805701622955385e+05 4.071115629131783498e+05 4.527889081912865513e+05 3.689886770299067139e+05 2.339185048357858323e+05 5.208329292178619653e+04 -1.177833849858160829e+05 -2.285181774647770217e+05 -2.274641457265697245e+05 -1.796989217869069544e+05 -9.636898198171978584e+04 8.191385178725715377e+03 9.027712545960776333e+04 1.513728223927126965e+05 1.773564953180890589e+05 1.460027215927696379e+05 9.530715443298952596e+04 3.409747292117166216e+04 -1.836756024315324248e+04 -5.063897308635788067e+04 -5.258312353474617703e+04 -4.194171371809519042e+04 -1.948308456507282244e+04 5.955597695691817535e+03 1.599404734197284779e+04 2.925945900072500444e+04 3.877944140353637340e+04 4.328744893692420010e+04
-6.913932839739308693e+05 -2.202294405003456399e+06 -3.657647185133258812e+06 -4.561108101777851582e+06 -4.493378021057503298e+06 -3.717254066109776497e+06 -2.499401741783308797e+06 -1.164647716853765305e+06 9.928184389045753051e+04 1.187977398409773130e+06 1.975788063868564554e+06 1.517833124248202424e+06 7.945251901335724397e+05 -1.039509562654190668e+05 -9.827618626815032912e+05 -1.605185596044826321e+06 -1.778152409944216721e+06 -1.514034644612436416e+06 -9.141546676182477968e+05 -1.708613597593895684e+05 5.131902645214338554e+05 9.866469455274330685e+05 1.127746757173744496e+06 9.785066346694456879e+05 6.152256616306690266e+05 1.588483879813433450e+05 -2.789134814248888288e+05 -5.660458757006778615e+05 -6.294750822643559659e+05 -5.129436364007210941e+05 -2.949325661320685176e+05 -4.468285526168573415e+04 1.931973533260666591e+05 3.723476970712858019e+05 4.481006073600585805e+05 3.959005590604605968e+05 2.635701257644476136e+05 9.843734396479971474e+04 -4.469631636911230453e+04 -1.189830943326511915e+05 -1.342397963153559831e+05 -1.088016842834575509e+05 -5.722801530472876038e+04 -4.363572406571314787e+03 3.997339343363190710e+04 6.982131555169864441e+04 9.064576522292839945e+04 1.000271662137814565e+05 -3.424370614556135843e+05 -1.227502477067968808e+06 -2.378390016520126257e+06 -2.552138866649045143e+06 -2.248681266042038798e+06 -1.735554848236942664e+06 -1.076155233695565257e+06 -3.879436111687025987e+05 2.592361239990100148e+05 8.881931302794821095e+05 9.953074305943800136e+05 1.067937879791428335e+06 4.973341501444964088e+05 -7.096950309517653659e+04 -6.112085011927839369e+05 -9.311574010637645843e+05 -9.935703230893907603e+05 -8.129255648703646148e+05 -4.541827277820935124e+05 -3.751422632802478620e+04 3.367836830121533712e+05 6.024029164227015572e+05 6.676829108812956838e+05 5.631840809794113738e+05 3.452104200132282567e+05 7.132737493751847069e+04 -1.839349199292376579e+05 -3.440924557056209305e+05 -3.609704446458080201e+05 -2.859590000961684273e+05 -1.552375309012986836e+05 -7.546154069009570776e+03 1.230352924836994061e+05 2.285761511150890146e+05 2.583971085353020462e+05 2.178052611715465318e+05 1.394903887791159796e+05 4.420919666948531085e+04 -3.277443301954684284e+04 -7.383943926789103716e+04 -8.218260472552916326e+04 -6.243102539383411931e+04 -3.152099310670980049e+04 7.117642951411876311e+02 2.145140425244444123e+04 4.520740138443721662e+04 5.271247192851988802e+04 5.710841721029882319e+04
-7.872275746852417942e+05 -2.082092189285491826e+06 -3.500700765806924086e+06 -4.314134734387073666e+06 -4.260037065859124064e+06 -3.489419035481228959e+06 -2.334080070634966716e+06 -1.089866814258031547e+06 6.756878871749799873e+04 9.656417185121469665e+05 1.517833124248202424e+06 1.708606960049442016e+06 8.591828688726555556e+05 -7.880913029202762118e+04 -9.347726946473494172e+05 -1.513918472357597668e+06 -1.679658163824481424e+06 -1.426553620046317577e+06 -8.586952167795319110e+05 -1.616795719935314264e+05 4.855572721813628450e+05 9.252598702461571665e+05 1.062848305728914682e+06 9.217614143822992919e+05 5.854799542076064972e+05 1.503410606676526659e+05 -2.670459194653656450e+05 -5.379843843309492804e+05 -5.943632648943690583e+05 -4.830855068874693243e+05 -2.806784895573756658e+05 -4.327420523236032750e+04 1.815460582841066935e+05 3.520944264379092492e+05 4.203438744606759865e+05 3.744585558310914203e+05 2.472754764191031572e+05 9.548149825201957719e+04 -3.933426624174961034e+04 -1.131946153722951276e+05 -1.271670486638680741e+05 -1.021867092446236493e+05 -5.470497551866521826e+04 -5.958890279131954230e+03 3.594892371787875163e+04 6.590266151573538082e+04 8.591250905369153770e+04 9.471269576624299225e+04 -1.991172330187913030e+05 -1.209762137059614528e+06 -2.161928137633420061e+06 -2.363148570009976625e+06 -2.235264678430197295e+06 -1.642030361635995097e+06 -9.639874659542052541e+05 -3.192532325878246920e+05 2.242271508352717792e+05 7.140349665050097974e+05 1.027941145201618318e+06 8.300142894607558846e+05 5.473712506894438993e+05 -4.700946775319724111e+04 -5.576155541321639903e+05 -8.790381032610279508e+05 -9.354665911874626763e+05 -7.659998321738634259e+05 -4.221449589388452005e+05 -2.808448680899690953e+04 3.400130506762563018e+05 5.851463414989588782e+05 6.361785007055397145e+05 5.323751003476255573e+05 3.272627455626173178e+05 6.963958978087610740e+04 -1.630739404493786278e+05 -3.147014922284483328e+05 -3.352117634905083105e+05 -2.708082668811014737e+05 -1.492986927542274934e+05 -7.724036729869238115e+03 1.180451593185495003e+05 2.088302247933631006e+05 2.454679913437116193e+05 2.087491558339321928e+05 1.375652003385015414e+05 4.596781377783839707e+04 -3.080198798330147838e+04 -6.821523575066757621e+04 -7.610601045984493976e+04 -6.332167344691939070e+04 -3.070100203030309785e+04 2.016600557644564105e+03 2.162817876473586875e+04 3.807036126476398931e+04 4.956539748975105613e+04 5.545145715213359654e+04
-2.778037221260668593e+05 -1.071497405087747145e+06 -1.861071932748320978e+06 -2.407423070572394412e+06 -2.393501171919338871e+06 -1.938751501403583214e+06 -1.283821624623905635e+06 -5.868741217288648477e+05 5.480027169994675205e+04 5.360848804405335104e+05 7.945251901335724397e+05 8.591828688726555556e+05 7.406361389264876489e+05 4.417534525916144776e+04 -5.002373357677781023e+05 -8.310174514500999358e+05 -9.279385980272428133e+05 -7.861536444782174658e+05 -4.664193222112323856e+05 -8.048349864339279884e+04 2.836977423537313589e+05 5.261540497607510770e+05 5.993303455911420751e+05 5.222505894989758963e+05 3.331097636349836248e+05 8.810685239929631643e+04 -1.435118347710628295e+05 -2.928321997500068392e+05 -3.249886169240407180e+05 -2.632377095847470919e+05 -1.505395278073275404e+05 -1.885233990412682397e+04 1.050831564717715955e+05 1.984713128785834706e+05 2.372996050181755563e+05 2.112238308745614777e+05 1.382312901650212007e+05 5.466679660817974218e+04 -1.833113520157992389e+04 -5.839900423307204619e+04 -6.842750531465149834e+04 -5.486302828734448121e+04 -2.722279137167234148e+04 -1.297289041999192705e+03 2.135287964458220085e+04 3.955669497530272929e+04 5.003630268975409126e+04 5.526619821818898345e+04 1.626895845093006792e+05 -5.535180470703644678e+05 -1.164331390384278493e+06 -1.363313823231238173e+06 -1.238002470507703489e+06 -9.271105797965503298e+05 -5.420078932794327848e+05 -1.112172661051248433e+05 1.632667114694620250e+05 3.948176077867819113e+05 5.223386387417798396e+05 5.628235822605311405e+05 2.526659064297716832e+05 9.190930797121304204e+04 -2.655560337373432703e+05 -4.723258603060972528e+05 -5.003405130515678320e+05 -4.213850131936369580e+05 -2.307229069764755550e+05 -3.086600739206001890e+03 2.026631478994235513e+05 3.330130120885593351e+05 3.620757123329921742e+05 3.067104713529399596e+05 1.885537805420996738e+05 4.230996951108273788e+04 -8.386624482237282791e+04 -1.625715491210053733e+05 -1.794949665239438182e+05 -1.450344490067071165e+05 -7.867849168556752556e+04 2.060006911572960234e+03 7.001081260610757454e+04 1.211266105325686076e+05 1.441344929622377967e+05 1.223710959903783951e+05 8.379214147816582408e+04 3.052817247921081798e+04 -1.852763311123147287e+04 -4.044651998938566248e+04 -4.073871496697155817e+04 -3.571485967274200084e+04 -2.048891712386138533e+04 -1.311694056306527273e+03 1.312381340416969579e+04 2.358035888746514320e+04 2.996077591903045686e+04 3.257746065178177378e+04
2.420444380095978267e+05 3.576918815232476918e+05 4.202042417044249014e+05 4.423743509279899881e+05 4.578773271025144495e+05 4.086483901525725378e+05 2.832869113753117272e+05 1.549234801260125241e+05 4.036225309557858418e+04 -6.472069359853827336e+04 -1.039509562654190668e+05 -7.880913029202762118e+04 4.417534525916144776e+04 2.843624950941234711e+05 2.032768260843212774e+05 1.912673496939685137e+05 2.038471124291499436e+05 1.697193655784597795e+05 1.083577934614195692e+05 3.569371309538080095e+04 -3.572645326898306666e+04 -8.612790880461127381e+04 -9.717073092574310431e+04 -8.068174189353920519e+04 -4.640761639938921871e+04 -2.386115783527504391e+03 4.005134540479851421e+04 6.573872289602995443e+04 7.208652690489853558e+04 6.074360795774673170e+04 3.641274085295728582e+04 1.109750196240499645e+04 -1.148527940912612212e+04 -3.111173221520821971e+04 -3.827096568252971338e+04 -3.329008442648151686e+04 -2.254991779862535259e+04 -3.664037677060305214e+03 1.133496839425082726e+04 1.953172902073530349e+04 1.904242672945928643e+04 1.510362097828410515e+04 9.471939677650558224e+03 4.116959620097046354e+03 2.892205007593347545e+02 -3.460125715884096735e+03 -3.632130995874921609e+03 -6.095230826259166861e+03 2.651043473414883920e+04 -2.253396498215035535e+04 1.423463921353834739e+05 1.838443931918790331e+05 1.369694597407454858e+05 1.275445250046770088e+05 1.550530601974403835e+05 9.874373773391675786e+04 -6.811783391520839359e+02 -2.417319851628323522e+04 -6.113352319976349827e+04 -2.039796986408287921e+04 8.061201454827297130e+04 4.948228081878707599e+04 1.658757045556873200e+05 1.495776455308701843e+05 1.417485167508366867e+05 1.148376471315814852e+05 6.528378881912556244e+04 2.728516189337362084e+04 -1.351361933126853182e+04 -4.336491251098709472e+04 -4.740635557146115752e+04 -4.432045509762620350e+04 -2.266579233073254727e+04 6.463380473503421854e+03 3.119709625102386417e+04 4.939260082744605461e+04 4.962136081444182491e+04 3.820140711009435472e+04 2.554519963597028982e+04 1.039183906284134173e+04 -7.081912567246443359e+03 -1.379622109740184351e+04 -1.718838711975960905e+04 -1.876523666465853603e+04 -8.793166962565421272e+03 -3.615720147196061589e+02 8.270046273724861749e+03 1.409644997510244139e+04 1.644644287560111479e+04 1.221923720170151864e+04 6.459711256844029776e+03 2.046329654021812303e+03 -1.961897806475633843e+03 -1.471806033197880879e+03 -1.852048024482948676e+03 -1.771801413116760159e+03
6.690753487424573395e+05 1.652197804974823259e+06 2.747875741318730172e+06 3.418428012335974257e+06 3.426427496018744074e+06 2.812340677977866028e+06 1.897191714955437928e+06 9.125166736575670075e+05 2.166070776970330189e+04 -6.543257279527323553e+05 -9.827618626815032912e+05 -9.347726946473494172e+05 -5.002373357677781023e+05 2.032768260843212774e+05 9.704904531580826733e+05 1.274328033530408284e+06 1.346295076035423903e+06 1.139288277023412054e+06 6.976848323173910612e+05 1.541128750943613995e+05 -3.475797180341064814e+05 -6.977504528838512488e+05 -8.048469273112635128e+05 -6.939088454637058312e+05 -4.344277428731207037e+05 -9.417717573869883199e+04 2.247138350843488297e+05 4.324369985782160657e+05 4.750990492081385455e+05 3.911102216344968765e+05 2.332965935513059958e+05 4.896607028368703322e+04 -1.297487662620570045e+05 -2.606865210214799736e+05 -3.153429467329827603e+05 -2.806480626216685050e+05 -1.831321909279736283e+05 -6.175063530859397724e+04 4.115001731415250106e+04 9.661633550812792964e+04 1.071716753283186554e+05 8.691576588871896092e+04 4.981446264465450076e+04 1.173183270563069163e+04 -2.103922536446482991e+04 -4.463321975221198954e+04 -5.925850371743046708e+04 -6.683125033064981108e+04 2.671446970110608963e+05 9.229685617841852363e+05 1.604382846062621102e+06 1.805872186593670864e+06 1.700936840792492265e+06 1.354435980608749669e+06 9.071654134226886090e+05 3.817793532199786277e+05 -1.150866376792057126e+05 -4.398889786823650356e+05 -6.203785758903580718e+05 -5.473409985875951825e+05 -2.610390753614587011e+05 1.813760345896270592e+05 4.847115028854668490e+05 7.818437205450363690e+05 7.882962739045597846e+05 6.492745948298103176e+05 3.759654541479700129e+05 5.062000230129830743e+04 -2.303114113781790365e+05 -4.193026603592005558e+05 -4.575407583270480973e+05 -3.824341119873678545e+05 -2.239593252462256351e+05 -2.561922695981908328e+04 1.653200815935503051e+05 2.720453347292940598e+05 2.866924118635157356e+05 2.287782480634632520e+05 1.290141035253688460e+05 2.303881681709916666e+04 -7.698013301541456894e+04 -1.488616594264934538e+05 -1.744929039468009141e+05 -1.539229934133859060e+05 -9.762843087389839638e+04 -2.658124824183001328e+04 3.538091913609427138e+04 6.296345447877873812e+04 6.696155146995520045e+04 5.480083097402186831e+04 2.892863930994076145e+04 4.786187558150113546e+03 -1.272409669912901336e+04 -2.257124287255014860e+04 -3.238857400478190175e+04 -3.588977987330275937e+04
1.040055726458054036e+06 2.492607970216213726e+06 4.264633763726975769e+06 5.445829206067625433e+06 5.460202511957311071e+06 4.460837509789627977e+06 3.038111569850497413e+06 1.457059048532446381e+06 1.723308195905536559e+04 -1.069502177524162689e+06 -1.605185596044826321e+06 -1.513918472357597668e+06 -8.310174514500999358e+05 1.912673496939685137e+05 1.274328033530408284e+06 2.070459122691915138e+06 2.170517763629394583e+06 1.814015481487352867e+06 1.097556774968823185e+06 2.334783193178482179e+05 -5.667337180430445587e+05 -1.120930378097002162e+06 -1.292008938807828352e+06 -1.116536130379074020e+06 -7.006633061274990905e+05 -1.587765036440695403e+05 3.526639673612837796e+05 6.852883222412687028e+05 7.493680505623287754e+05 6.149206857967842370e+05 3.629989192980520893e+05 6.924623251748444454e+04 -2.120243951559912239e+05 -4.213826373275873484e+05 -5.089923234643074684e+05 -4.508436807672626455e+05 -2.933699047572128475e+05 -1.022517174130932544e+05 6.128207339781962946e+04 1.490314242914083297e+05 1.672659426628240326e+05 1.347323428091747046e+05 7.683014676707627950e+04 1.581641294067655508e+04 -3.588310675197886303e+04 -7.284487112076596532e+04 -9.696619271191544249e+04 -1.097921130168056843e+05 4.760365513345991494e+05 1.356338375930099050e+06 2.324736090101455338e+06 2.869300756712183822e+06 2.766070628456952982e+06 2.176140872208792251e+06 1.413167152310235659e+06 5.468665183205845533e+05 -2.239929134925503749e+05 -7.750645855804117164e+05 -1.008657215900196345e+06 -8.941953104099229677e+05 -4.692075762959901476e+05 1.627737000587370712e+05 7.804382213803589111e+05 1.128069668223037617e+06 1.250798658778862562e+06 1.012084068654302857e+06 5.748100852904485073e+05 7.228991499908412516e+04 -3.736746352650514455e+05 -6.731209219836415723e+05 -7.465468257337614195e+05 -6.301655047857026802e+05 -3.737582499102739384e+05 -6.039471565345503041e+04 2.347047352350908041e+05 4.130459884331623325e+05 4.422510488358436851e+05 3.554333930880510597e+05 1.963445002733583970e+05 2.294263137990751420e+04 -1.343478472574022890e+05 -2.483218395764488669e+05 -2.867070790245286189e+05 -2.475572071245019906e+05 -1.586986777481282479e+05 -4.575141432858219196e+04 5.126492005605607119e+04 9.841784611641857191e+04 1.032231122882990894e+05 8.411552412107726559e+04 4.515477520230977825e+04 5.573692924033590316e+03 -2.153742200172222147e+04 -4.019699246761710674e+04 -5.507242948271330533e+04 -6.068478044496504299e+04
