6.801685624895674177e+06 1.939330098216221202e+06 4.159808677657985827e+05 4.106327123825256422e+04 3.059347790621233798e+04 2.165687902213510824e+04 2.643430629538368521e+04 1.454651616127790476e+04 3.718441118146855388e+03 8.180111188830164792e+03 1.471400942189548005e+04 2.748455146026466878e+02 1.619142757540379534e+04 1.581243125452742970e+04 5.525861182067096706e+03 6.113744291068614984e+03 8.872395932336188707e+03 1.032963539754346493e+04 -2.884518941026984066e+03 2.757621767734127843e+03 4.910002539213253840e+03 -1.098718818685680390e+03 8.550222377233661973e+03 4.668774746258821324e+03 8.066982691262201115e+03 3.844261892263265509e+03 2.324391341492136235e+03 4.245556237920724925e+03 6.475544664128329714e+03 4.683407378586989580e+03 4.611190380829835703e+03 1.330204791593026130e+03 2.067390643149460630e+03 3.618952086946642339e+03 2.080422452001028432e+03 1.389913365249677099e+03 3.128218105008411953e+02 -8.452965472756443432e+02 -1.665236908884666718e+03 -3.359390270341596533e+03 -7.593090780831050779e+02 1.373954717350178271e+03 2.017700493464086321e+03 3.085834394948682871e+02 -2.011461315848880986e+03 -1.758223688371516346e+03 -1.220302101730904099e+02 -1.778368620048021285e+03 2.403098524379578419e+06 3.562757741313775070e+06 1.110264748922965024e+06 4.115046435161663248e+04 -2.047017012567225174e+04 3.150349662501022613e+04 5.172798931155254832e+04 1.965573608713006979e+04 -2.199538263672493486e+04 1.045417299524091686e+04 -3.206764490697175006e+03 3.825420547495844403e+03 2.606134562829266360e+04 -1.517592676907687928e+04 1.638089026297395503e+04 2.455226663627832386e+04 3.772427037601168558e+04 1.044556481393550166e+04 6.351559220868561169e+03 1.008444108750573650e+04 1.161079682924236113e+04 7.590728481897759593e+03 -2.440842536060911698e+03 1.790958787348285114e+03 -7.573563406609237063e+03 4.300774251291422843e+03 8.106000518875836860e+03 9.121508954480601460e+03 2.991907506612059024e+03 -3.975868528458283890e+01 -6.369591477561903048e+02 -6.067592853150807059e+03 -3.301864724862608909e+03 -3.714906592953245763e+03 -1.438479955242332835e+03 -2.050424602732749918e+03 -6.555406909891893520e+03 -1.286811151981926287e+03 8.538413345469491560e+02 4.456573501400410350e+03 1.300981493055455530e+03 -8.663581390280003234e+02 -7.892942275519316127e+02 -6.791777036771278517e+02 -1.731069324949148267e+03 -5.008042687271205068e+03 -5.063224313682616412e+03 -1.614704784191076897e+03
1.939330098216221202e+06 3.368997483190649189e+06 9.761969293345626211e+05 1.406782292226847785e+05 5.386159461134594312e+04 3.382942035789072543e+04 1.546224483393905939e+04 1.105287850873918433e+04 5.259492045769335164e+03 1.877317211924365620e+04 -5.258982065603564479e+03 -5.687156358701616227e+03 5.578484800521720899e+03 1.425502030626327542e+04 7.858763318460492883e+03 -1.699412383330822877e+03 1.094443957463854895e+04 1.160875955448379500e+04 5.447179630322432786e+03 4.268661874703009744e+03 3.672964273589213462e+03 3.121118262248780411e+03 4.066905681784226999e+03 5.460264857028299957e+03 4.705459761572289608e+03 8.725085092413240773e+02 5.888039219001135280e+03 4.650779513748509089e+03 5.549657499502604878e+03 1.935613452220766249e+03 1.726924212816761155e+03 1.618354361329200628e+03 2.617026672266107198e+03 2.168226206932562945e+03 3.188183438296333406e+03 1.742422296459440304e+03 5.857054726045595316e+02 7.436309938102551769e+02 -9.487889951582495485e+01 -1.211982200023608812e+03 -4.058463243221257244e+02 1.113163038949099700e+03 1.914208523964392157e+02 1.784751913742159672e+02 -5.421631576247971225e+02 1.320998359961753010e+02 1.219406649613787749e+03 -7.684698556559517328e+02 1.567042040796487825e+06 8.303643710331149632e+05 1.832071657570627052e+06 5.553535855618811911e+05 6.826918443672692229e+04 5.229661351488401124e+04 6.869790300780850521e+04 6.058146155940467725e+04 2.537343327640027201e+04 1.782952819909045502e+04 -5.675579899165832103e+03 -1.238552753038973424e+04 1.070006450678157671e+04 1.220784810162071153e+03 5.311199583495485967e+03 5.870521465155017722e+03 8.537294858142640805e+03 4.328586977910634232e+03 6.613761338846653416e+03 -3.911500049628708666e+02 1.375803134457320539e+03 -1.265124607548248377e+03 1.529193120261429385e+03 9.918625827753874091e+02 -2.546286280028843976e+03 7.789424539852951057e+03 2.483505133817829119e+03 5.150716360382027233e+03 3.516509740494919242e+03 4.618343887126978188e+03 3.197061868542350567e+03 2.097559085368186970e+03 6.434347240875368698e+03 5.015830252461564669e+03 1.956807326118595711e+03 5.806759014437100632e+03 5.319494347190620829e+03 3.133159068007577844e+03 2.203287599795187816e+03 3.091125322762620726e+03 -1.237245826731948455e+03 -1.946473377319782230e+03 2.994673501580170978e+03 2.236486306341893851e+03 9.035668245525596376e+02 -1.427018448056293209e+03 -8.129682959343015227e+02 1.980523145484189854e+03
4.159808677657985827e+05 9.761969293345626211e+05 1.775130855074273888e+06 4.826279440338029526e+05 1.023748355035371933e+05 2.207674801001602464e+04 4.500450774080636620e+04 3.542688853540214041e+04 2.206592640536243562e+04 1.124147659660956379e+04 8.381873456237078699e+02 -4.696218334060461530e+03 6.135477051220173053e+03 5.330934335737607398e+03 6.429742145102777613e+03 -1.515159342036114822e+03 4.175227037927079436e+03 5.676531535753086246e+03 6.411967790379932921e+03 4.240544663410095382e+03 3.145830232856961175e+03 4.871419387790304540e+02 3.861713533151123556e+03 1.162883943615559929e+03 2.418757001562389178e+03 2.965212539917886716e+03 1.164521245456003726e+03 2.771160669757732649e+03 2.618164328786134774e+03 2.207882856707323299e+03 1.590231392062060422e+03 2.747949810487699779e+03 1.841921546478163464e+03 1.433494912656017277e+03 2.456014499349472771e+03 3.024644627556735941e+03 1.168568298109733405e+03 9.929401438387897088e+02 -3.022699334441892915e+02 -1.721811486293294422e+02 7.070900162485568785e+01 1.427595556096430755e+03 1.010830695874176286e+03 9.146572392852656321e+02 6.870698350909676719e+02 8.325762188329144919e+02 -1.602890621681253736e+00 7.215927775011776930e+02 7.811339287416194566e+05 1.016195974834242254e+06 6.677000815172095317e+05 9.191186403185788076e+05 2.389640199032279779e+05 1.122915734119166445e+05 7.449752698543998122e+04 6.752540615317589254e+04 3.713885702992171719e+04 4.363292950671412837e+04 2.808818556073294167e+04 1.117863294013041923e+04 1.458019380145064497e+04 1.607465812237143473e+04 1.460503619866237204e+04 1.092834354706640806e+04 1.310404437388466067e+04 -5.771595603436065858e+02 -3.939551116189280492e+03 4.106971328779561077e+02 7.040472725674984758e+03 7.685521796921598252e+03 3.740986659578827130e+03 1.946463980888283231e+03 -4.294856095589637334e+03 3.894352888498555785e+03 7.707801011462422139e+03 2.846307225410745104e+03 5.422155624892779088e+03 3.793577093148839595e+03 1.228583427271357777e+03 2.277764124208231351e+03 6.314068322858146530e+03 2.135302568665488707e+03 6.755703057766085067e+02 -8.961062144220905168e+01 2.526978555219186092e+03 5.585778033798089837e+02 3.055781874599567345e+03 2.953394356561519544e+03 -1.295076617022871801e+02 -1.507599686074889291e+02 2.636190648586911266e+03 2.269317587986001399e+03 1.763142278173830391e+03 2.912519183436936601e+02 4.563448811793926438e+02 -1.587038556500995810e+03
4.106327123825256422e+04 1.406782292226847785e+05 4.826279440338029526e+05 1.010892337298423401e+06 3.043751105044384603e+05 3.141658637717543752e+04 1.648554284000212647e+04 1.824771206757221807e+04 2.191755447771505351e+04 9.843954028624215425e+03 6.473491150437385841e+03 4.383740278742518058e+03 1.831987682431604753e+03 -2.057839030875982189e+03 3.225408322590995340e+03 4.554053505400435824e+03 3.054326905868339509e+03 3.594794713063313793e+03 4.238892266750885028e+03 2.906166464181568699e+03 5.307753268304220910e+03 2.753897397403205105e+03 2.570231736985527277e+03 1.886977073194006152e+03 3.080445530998101276e+03 2.908176471902476806e+03 2.435028985503179683e+03 2.019745412958367979e+03 3.407650221188017895e+03 1.275200663261786076e+03 -1.690815499377940512e+02 1.544043651872432008e+02 1.311225306117185482e+03 5.416688803290633132e+02 1.411937819568273426e+03 1.650516991734473095e+03 3.260646856211075146e+02 2.928311999412248952e+02 -2.143136169875146209e+02 -1.861724357008702100e+02 1.282170862703032412e+02 1.008268406261450536e+03 9.322033591280675182e+02 7.238625360699298881e+02 9.018988544123270685e+02 4.598701420417046393e+02 -1.338044741199142607e+01 1.867190361168753725e+02 1.430443020127735508e+05 2.661509557691559894e+05 4.798969909640094265e+05 2.572957627987126471e+05 4.162839219656799105e+05 1.322633160856649920e+05 1.432847872596829620e+04 2.634730501482113687e+04 4.077544596834891854e+04 3.324117306666922377e+04 1.500260761496777377e+04 -1.798194260885207086e+03 1.596928285476084966e+03 1.302573503518106918e+04 1.153735850481994203e+04 -3.142084610585600785e+03 -4.343957444731228861e+03 -6.953792888172500170e+03 -2.413721536794700114e+03 1.740285042076813625e+03 5.436334175897276509e+03 8.176125965686820564e+03 6.062239902781133424e+03 2.799114683840692123e+03 4.422144094841571018e+02 2.231688201322821442e+03 9.258638871007867692e+02 2.468722845825062450e+03 2.157764363229336141e+03 1.214054932120942794e+03 -3.254022830472155761e+02 2.617419826948350419e+03 1.872912084538350882e+03 4.161119182397225131e+02 7.648160919356091654e+02 2.646982797595580337e+02 1.182802590917652424e+03 -5.410209325072876254e+02 1.016107158755843557e+03 2.552410954403937922e+02 3.410910703539468045e+02 1.617666014896186198e+03 1.479978600346583562e+03 1.810507874025749061e+03 1.842366604882173533e+03 1.218864695397799096e+03 7.916721607966317151e+02 3.142810726215278549e+01
3.059347790621233798e+04 5.386159461134594312e+04 1.023748355035371933e+05 3.043751105044384603e+05 5.752520058999004541e+05 1.616916420272395189e+05 3.117886796338148270e+04 1.540514332707856738e+04 1.597515385537644033e+04 1.652466686432794813e+04 1.176039845925750524e+04 8.393462707088268871e+03 2.444882090641408467e+03 -3.588129719029661828e+02 5.113200711077754022e+03 7.726283677543319754e+03 4.965406799174486878e+03 7.091529742212775091e+03 4.020812347751915695e+03 3.380034996764277366e+03 5.036853669015445121e+03 2.179981352121152668e+03 2.259714370215454892e+03 2.010956134339602158e+03 3.365061679455165176e+03 4.109044026079992364e+03 2.122806434023113070e+03 3.097854232264181974e+03 3.214457080618264627e+03 2.303008652315412292e+03 1.527564773981714779e+03 -2.577628570227714278e+01 1.082440434036376473e+03 1.584657311728459263e+03 1.551928051003947303e+03 1.359377333641148425e+03 1.711579979142327375e+03 1.300678091396662921e+03 5.380120285023119777e+02 5.876697252527036426e+02 9.104485234505249309e+02 1.023374039503263020e+03 1.153651195738071692e+03 6.587622985653782735e+02 8.386376054499784232e+02 7.131101990243921591e+02 5.492128975108619215e+02 7.576331152588006717e+02 1.544062343501267605e+05 2.352581322149064363e+03 1.192494805347923248e+05 3.327696562172682025e+05 1.333663275010135840e+05 2.508307667752702837e+05 8.490511639518737502e+04 4.242499265006321366e+04 2.868962535450012729e+04 2.529509827844741812e+04 1.718940600077462659e+04 2.417730562324504263e+03 8.164093129883217443e+03 1.636509500123739417e+04 1.050190946018469731e+04 -6.337945649128113473e+03 5.679602230648937621e+03 8.376197215293086629e+03 5.124639855144921967e+03 3.480450767564004309e+03 5.168228258723778708e+03 5.330316557777530761e+03 1.505410273478794124e+03 1.022732518116729807e+03 8.826478625838192329e+02 1.230676387149303764e+03 3.161670608849889504e+03 3.052951355818187039e+03 3.233386832293138013e+03 2.104323225037642260e+03 4.741626496145029819e+02 2.935518086236080308e+03 1.565413730127926556e+03 6.796977976610928636e+02 1.847211804127557571e+03 5.573043012351608922e+02 -2.993429167239502249e+02 -1.017995238260054748e+03 -3.083877091782227353e+02 3.987176337386632667e+02 5.241271684165910756e+02 1.349796232702203270e+03 1.710893382173181408e+03 1.297152264073406059e+03 7.405985626583985777e+02 -6.897894625440366099e+02 8.326702685680951390e+02 1.621287386808687188e+03
2.165687902213510824e+04 3.382942035789072543e+04 2.207674801001602464e+04 3.141658637717543752e+04 1.616916420272395189e+05 3.512484982648156001e+05 1.078832461305311881e+05 1.852988234522458879e+04 6.130307745822286961e+03 8.918130076577368527e+03 8.459118425151036718e+03 9.227096639537774536e+03 5.489577038612153956e+03 2.816105511786497573e+03 2.934323679364991676e+03 2.249799512776414758e+03 2.766145721326179228e+03 1.785089175305136450e+03 3.777756024475132108e+03 3.154569285546018364e+03 3.924119760192123067e+03 3.356337042976409748e+02 1.895466359242368981e+03 3.112808236007534106e+03 2.625023701589797838e+03 1.632700436497202190e+03 1.977931215808195248e+03 1.978187078649920295e+03 2.010584610823193316e+03 1.779676885626262447e+03 1.289022792123424551e+03 6.646529229731686428e+02 1.294497871842370614e+03 1.101104936506596005e+03 7.931924841608887391e+02 4.952012081459241131e+02 4.939934818006795467e+02 8.873383389290162313e+02 7.803661007979462738e+02 1.021971122740502551e+03 5.887850669652823399e+02 1.033945496318641062e+03 8.722156412630813520e+02 7.890769365855040860e+02 8.493189638794459597e+02 2.288634400221740748e+02 3.020435429324438132e+02 5.325620149330582080e+02 4.546252542198307492e+04 -1.280485536424028396e+04 3.284217408651510777e+04 8.070889969192858553e+04 1.522038835777273634e+05 9.946934111984736228e+04 1.556931965920989751e+05 5.730223969503566332e+04 1.738365375752011823e+04 8.536792557421877063e+03 1.644394166181026230e+04 1.578890783100635235e+04 3.660429575015410137e+03 -2.930848724705786026e+02 4.104429335983633791e+03 3.882930280003889493e+03 6.972292925667087729e+03 8.009894922419717659e+03 2.302051792855021176e+03 2.963839975442334890e+03 1.306743642806018670e+03 6.626911973357060560e+03 3.349315501687536198e+03 2.364460747355319654e+03 4.124909464645189473e+03 3.349530898129023171e+03 4.117854173206122141e+03 3.430610448490498129e+03 2.630814745771103844e+03 2.580502965201648749e+03 1.744486261448966616e+03 2.672219201348534170e+03 1.631668923427576601e+03 1.807782681858598608e+03 1.525426416532672874e+03 1.139927639835179889e+03 3.628399073649105162e+02 -4.664938135636231209e+02 -2.799926897982426794e+02 4.306998990631160495e+02 1.178994848935476512e+03 9.523772017597386821e+02 1.146276513017997786e+03 1.116631369538743002e+03 5.777216864057684234e+02 -4.965516495784373774e+02 -3.329850499880023449e+02 3.528916718680933968e+02
2.643430629538368521e+04 1.546224483393905939e+04 4.500450774080636620e+04 1.648554284000212647e+04 3.117886796338148270e+04 1.078832461305311881e+05 2.214443445617969555e+05 8.107507827635400463e+04 2.065816805918012324e+04 7.504944798155471290e+03 6.662201609806744273e+03 8.335173759241351945e+03 6.177398155223347203e+03 2.648015650299025310e+03 1.883079231579373754e+03 4.249131437488075790e+03 2.811978479012727803e+03 3.610287824568925771e+03 4.260492340638060341e+03 2.240393670672302505e+03 3.210646163972808608e+03 1.268133485831971484e+03 2.215072924408243125e+03 3.208814560718626581e+03 1.930446325198656268e+03 2.700698977496606403e+03 2.148997606901863946e+03 1.399935028196795656e+03 6.620025968717570777e+02 1.477067817690336597e+03 1.422686765324396902e+03 1.233899241808944453e+03 1.364049124482286288e+03 8.073087537926600135e+02 1.031998062124830767e+03 1.545653640904705526e+03 9.289826924335275180e+02 6.589425878315632872e+02 8.240163448996412399e+02 6.106928958091323238e+02 8.824954237692523975e+02 1.273315970515826621e+03 1.067387061056434504e+03 4.551638159538429136e+02 8.540586772109812728e+02 5.908855549254637936e+02 7.780730480747816955e+02 5.561039525116789264e+02 1.055903920849124843e+05 4.144439606702733727e+04 4.274328856221864407e+04 4.327623428387820240e+03 1.134180941431657629e+04 9.929214735765481601e+04 5.418567351807431260e+04 9.552318012681916298e+04 2.966247984028677456e+04 1.165310127872935118e+04 1.530830561600441797e+04 9.756003582189960071e+03 3.897054724651601191e+03 -5.476442525231103900e+03 -2.459593190596527620e+03 -4.550465921878957261e+02 3.653271467468254741e+03 5.556710322664932391e+03 1.617294632198415002e+03 2.406852335016561483e+03 1.662000932714747250e+03 7.675188043381216630e+03 5.787511966851976467e+03 1.751905276619563665e+03 2.690894405090625696e+03 1.234346233809097157e+03 7.555418072694936882e+02 1.149345113130729942e+03 1.820271885827155074e+03 2.066223613611477958e+03 1.521156097653724828e+03 7.842941984543393801e+02 4.034503737023682106e+02 1.169063630551522692e+03 1.389978798060708868e+03 1.273189632303234703e+03 8.555799586900606073e+02 4.507034582553798145e+02 1.020248113462207158e+02 1.256896254547143144e+03 1.150176041228599615e+03 8.769355341238709798e+02 7.371858288850734198e+02 1.104303415021567616e+03 5.130647543421057435e+02 5.325848182203706074e+02 4.840151202511130890e+01 2.434771205945557426e+01
1.454651616127790476e+04 1.105287850873918433e+04 3.542688853540214041e+04 1.824771206757221807e+04 1.540514332707856738e+04 1.852988234522458879e+04 8.107507827635400463e+04 1.582988727927564178e+05 5.087636579043431266e+04 9.875906659582844441e+03 5.447341391143816509e+03 5.865809340970809899e+03 5.242005156770967915e+03 3.291426628826594424e+03 2.010502510591918053e+03 3.383607876000183751e+03 3.950445844320582637e+03 2.491754945918858539e+03 2.658703289444869824e+03 2.182110194770783437e+03 3.085179963819954082e+03 1.922137054687974796e+03 1.545536420371749045e+03 2.373881768443056899e+03 1.670772133119259479e+03 1.988292700037879058e+03 1.220111735819946261e+03 1.454663382892434356e+03 7.864427486093411517e+02 6.747897373390384246e+02 1.327327047391881024e+03 1.402389536806316073e+03 1.287718093634072375e+03 1.207383831319391447e+03 1.259587375237961623e+03 1.227652374702333873e+03 1.175201751454182840e+03 9.103654733919396449e+02 7.034930122805005794e+02 6.873586478067649068e+02 1.017637867931491201e+03 7.657037857289735712e+02 7.216318740995557164e+02 2.661793732018975334e+02 6.448839172748764668e+02 4.493786043681498086e+02 4.124138481740375255e+02 3.578011448527958009e+02 -7.099761395759741163e+02 1.876458075348339480e+04 -1.588470300058274916e+04 -2.891442951775894471e+04 -2.032240142388323875e+04 3.361373436108312308e+04 7.492722234057201422e+04 3.284243423870901461e+04 6.170661221265375934e+04 2.100447648320571170e+04 4.729053434003990333e+03 1.196707156407645471e+03 9.729583938995829158e+02 -2.490441077904890335e+03 6.083084938241155442e+02 1.000447914759974083e+03 1.912138438675767929e+03 5.184798552828890024e+03 2.984961205607861757e+03 3.117667425388340234e+03 3.209571483772591364e+03 6.789955392482952448e+03 6.096749248193644235e+03 2.552668288327520258e+03 2.224573995817765990e+03 1.495514307070703353e+03 1.934564035218992331e+03 1.055423949816493632e+03 1.269396183347605302e+03 2.012913245407482464e+03 1.982438935691070583e+03 1.382194364974822975e+03 1.089215542276809401e+03 5.718193356663591658e+02 1.059284260873241010e+03 1.540773046704926628e+03 8.306618411872270826e+02 5.067133932887861079e+02 1.042013159903936412e+03 1.798271280800536260e+03 1.105644287646989369e+03 1.034467669955038673e+03 1.107527779897028040e+03 1.320142769207565607e+03 5.003678617485352333e+02 6.934766378109377456e+02 8.551294378626068919e+02 7.659457386061733359e+02
3.718441118146855388e+03 5.259492045769335164e+03 2.206592640536243562e+04 2.191755447771505351e+04 1.597515385537644033e+04 6.130307745822286961e+03 2.065816805918012324e+04 5.087636579043431266e+04 1.057404896041690372e+05 3.703238253895661182e+04 9.169004364487023850e+03 6.041661043426031029e+03 5.081921227987982093e+03 4.112203779309746096e+03 2.721799883920260527e+03 2.609588010009166283e+03 3.370255609876872768e+03 1.839388577326863469e+03 1.005647827188750625e+03 1.912721392867468921e+03 1.621690357208146906e+03 1.288493112550856495e+03 1.177144845815239250e+03 2.208258689619621236e+03 1.962107778251612672e+03 1.590227867451321572e+03 1.443101683346817254e+03 1.439145612156102743e+03 1.381350080168482691e+03 6.960795099033045972e+02 7.575868831799647296e+02 1.038668655270646468e+03 7.579319241306836830e+02 9.105664961484451396e+02 8.320037452657494441e+02 9.701914988934115627e+02 1.059547708950476135e+03 7.139215801354210953e+02 7.255883904524447416e+02 7.765194968766725196e+02 8.115138415556209566e+02 5.963152376269476918e+02 4.166228065790598407e+02 3.229169996237586702e+02 3.898652191799119464e+02 3.896157322664458889e+02 3.883203973822926400e+02 4.053207994494624131e+02 -4.370632580364019668e+04 8.114496864380475017e+03 5.085386249231753936e+03 -6.979185772717272812e+03 1.414712390326102286e+04 2.589489895685587544e+04 3.539736730774927855e+04 5.740912938737140212e+04 1.876822248551544180e+04 4.264044727990888350e+04 1.568140723335021539e+04 5.086214926620327788e+03 4.971696573335776520e+03 1.290416237021684083e+03 1.893893935223688004e+03 1.602940225927239453e+03 2.482459291917365590e+03 3.054867855424522077e+03 6.005048990052130193e+02 7.771337039469002548e+02 2.287260253486069814e+03 4.201606036883672459e+03 3.517956554648405927e+03 2.528472271437719883e+03 2.767522340040637118e+03 1.860500971434327994e+03 9.973004402060832945e+02 1.103791532364697787e+03 1.733000272255347227e+03 1.787303331927008230e+03 1.449847029460342128e+03 9.666115694125292066e+02 9.557465779021100616e+02 -5.715017346113749142e+01 8.681931075257371049e+02 1.351370593330401334e+03 8.273542708841154081e+02 2.350685865778777099e+02 9.150109616613608523e+02 1.385425602894545591e+03 9.519347051718352759e+02 3.076264070794918553e+02 1.076408723450685557e+03 7.999772784033204971e+02 1.514998495744505931e+02 5.155138544798616067e+02 8.333041528057990490e+02 7.167606365542364983e+02
8.180111188830164792e+03 1.877317211924365620e+04 1.124147659660956379e+04 9.843954028624215425e+03 1.652466686432794813e+04 8.918130076577368527e+03 7.504944798155471290e+03 9.875906659582844441e+03 3.703238253895661182e+04 8.088607583496808365e+04 2.545230868646661838e+04 8.624138664645488461e+03 4.659135321835313334e+03 2.869908547918828845e+03 2.897429859241419308e+03 2.022843570067286009e+03 2.656415815102894612e+03 9.622410709975747523e+02 6.747645707141930416e+02 2.420057298221287965e+03 1.487233699419115965e+03 9.829355431481277492e+02 1.433412194299203520e+03 1.860567552609379391e+03 1.308908098850830584e+03 1.849796410942460398e+03 1.591311777787615483e+03 1.187470145406100073e+03 9.493234488439608185e+02 1.020280400581261915e+03 7.349711230893332186e+02 7.851198688871110107e+02 6.708958343776728270e+02 8.441445095123010560e+02 7.015286060858871906e+02 1.030802525365911606e+03 9.104917269556997326e+02 1.005570135715185302e+03 5.651313684715811405e+02 5.755092948783673137e+02 4.021168835905053811e+02 2.865587514073566808e+02 3.876788693096036695e+02 2.339462179417479035e+02 4.386166707518814292e+02 4.442493108050650221e+02 4.457127750695576651e+02 3.354455247320777289e+02 -8.507880375349823225e+03 -2.350928662887238170e+04 1.392133575298286087e+04 1.371349837943049715e+04 1.330535567304707001e+04 1.106788362079030048e+04 1.252909237633012890e+04 1.972664323589493142e+04 2.583996066163674550e+04 1.214641664260312973e+04 3.462387651030880079e+04 9.905303815539031348e+03 3.322312313489726421e+03 1.975063657682353323e+03 -1.134382284145910262e+03 5.431114395342249281e+02 1.213403930985229181e+03 3.427615055232311533e+03 1.348694538306823006e+03 5.207355833910914953e+02 2.652461909565651013e+02 1.392038538311209550e+03 1.833816922369149779e+03 4.802658659116224840e+02 1.576793097091205709e+03 1.611585078090078014e+03 1.372617144191385023e+03 6.879554670860737815e+02 2.258996005904503363e+03 1.866152906371555218e+03 1.311298753197416318e+03 1.871149706396266993e+03 1.084281784703223138e+03 6.932706634864830448e+02 8.304088185757725569e+02 -6.339538951934327926e+00 3.380244484415824218e+02 6.800703927959827979e+02 8.726904826424804469e+02 4.140993222153514353e+02 5.521852190545803296e+02 3.160453350809108883e+02 4.350877449643242585e+02 8.246448680500901673e+02 1.643431750176801529e+02 3.355090504122932771e+02 6.063944540161375016e+02 8.148173835824544540e+02
1.471400942189548005e+04 -5.258982065603564479e+03 8.381873456237078699e+02 6.473491150437385841e+03 1.176039845925750524e+04 8.459118425151036718e+03 6.662201609806744273e+03 5.447341391143816509e+03 9.169004364487023850e+03 2.545230868646661838e+04 5.798842831042744365e+04 2.027626029874822780e+04 6.252807269771698884e+03 3.575060298594839878e+03 3.905685801398581589e+03 2.441647895895906004e+03 2.804691118105379246e+03 2.332030582849422899e+03 1.667949795211695118e+03 1.848448253687032093e+03 1.745537426402396250e+03 1.670649311931812235e+03 1.521048921081631761e+03 1.545818777656231532e+03 8.371879568781092757e+02 1.624659699099002410e+03 1.697614870004118757e+03 1.307859367172400880e+03 7.506985699286484532e+02 9.993166944546358081e+02 1.166691072776970486e+03 8.687932738158879147e+02 7.589914331507426368e+02 7.492355051748030519e+02 7.875714909774601438e+02 6.034613676909277729e+02 7.823902722250480792e+02 7.212552782290496225e+02 5.461483165145926932e+02 6.682854073565628141e+02 5.941634162575471692e+02 4.154312820230924217e+02 6.114040298270663243e+02 6.150792782210573932e+02 7.201964958971709621e+02 4.693647974815467023e+02 4.270004139833777117e+02 3.661961868868693273e+02 -2.852022596449773118e+03 -1.766957251297171752e+04 -4.607687077004530875e+04 -1.330100686435282114e+04 8.544575442782976097e+03 9.644649747609113547e+03 7.240537600105303682e+03 5.290404619268270835e+03 6.745353935516048296e+03 2.258655109626906051e+04 1.158122217992712831e+04 2.735925665875750565e+04 7.057052309777626760e+03 2.466630547655390728e+03 -3.851200695281269759e+02 1.328565733735911181e+03 2.922394876034931713e+03 3.256894673271145166e+03 2.768827868819262676e+03 1.494693881931449596e+03 4.459912405099538546e+02 1.441800437180218978e+03 1.799773445646090067e+03 1.857398741864714339e+03 1.898426510927527033e+03 1.754103762254356070e+03 1.272675354917781760e+03 7.925399059623034645e+02 1.296480568690866903e+03 1.067266132726579599e+03 8.483706742051292622e+02 8.185803856556223081e+02 4.247850026822786162e+02 1.257789476050530538e+03 5.593204429147933752e+02 -6.245456388572633699e+01 2.021291937313465326e+02 3.389134488613841540e+02 7.743100362248844704e+02 8.079473242800552271e+02 4.708584583882422407e+02 5.015538142772185211e+02 4.120727409706638582e+02 4.137542623348170991e+02 -8.755407351676884886e-01 6.469559076050329622e+02 3.789150030123323063e+02 4.560535262279972812e+02
2.748455146026466878e+02 -5.687156358701616227e+03 -4.696218334060461530e+03 4.383740278742518058e+03 8.393462707088268871e+03 9.227096639537774536e+03 8.335173759241351945e+03 5.865809340970809899e+03 6.041661043426031029e+03 8.624138664645488461e+03 2.027626029874822780e+04 4.696888485575097002e+04 1.695738542307911121e+04 5.280266478817599818e+03 2.787508679446106271e+03 2.131746564481510177e+03 2.194872016321521642e+03 2.177699120266031514e+03 1.823669514184483660e+03 1.670173118680490006e+03 1.852913634452668703e+03 1.148621770843673175e+03 1.473620087423575796e+03 1.448066874141749167e+03 1.376754071431227658e+03 1.599697893752194432e+03 1.170949010232199498e+03 7.604450879035276785e+02 5.732781619690201751e+02 9.569348008864932353e+02 8.166586592192584249e+02 7.006015340308650821e+02 6.686676919870348001e+02 8.366935026084044011e+02 5.611292771153291596e+02 7.168761876500627750e+02 6.338870700894451602e+02 9.539304137036964448e+02 7.919021905870752107e+02 5.194335608841158773e+02 4.896829513144708699e+02 4.228291586837736986e+02 4.969101754736594785e+02 3.946614598837708172e+02 5.075205829505874249e+02 4.546372544347481153e+02 4.538549962010195600e+02 3.927756821615858485e+02 9.662147201988071174e+03 -2.198049479909620277e+04 -3.553514316161876923e+04 -8.410540583996096757e+03 -3.630105371861735875e+03 8.388441691563295535e+03 1.180629020634687186e+04 9.606605127096678189e+03 4.355021089731571010e+03 9.006106545044867744e+03 1.993752808386570905e+04 8.166750546963611669e+03 1.453204265501452028e+04 4.308831288377126839e+03 1.457122031688737707e+03 1.071464490661832087e+03 2.810024970716694042e+03 3.053422942754023552e+03 3.182211557709641511e+03 2.133878487129216865e+03 2.693330960680907992e+03 3.121014944935567655e+03 2.411495063149649013e+03 1.930200068837305025e+03 1.992752268391103371e+03 1.896788330352771936e+03 2.219955262165716704e+03 1.693189836652938538e+03 1.706984169545824670e+03 8.646204828234249362e+02 4.941861857069567350e+02 7.096923278060543225e+02 6.136397394098077029e+02 5.339881483236474651e+02 7.303322309289806071e+02 2.968067008626675261e+02 8.056591412743398450e+02 7.511538216565893435e+02 7.369277456944530513e+02 8.959959603816171239e+02 5.753529712420660189e+02 2.192300806614910158e+01 2.876796542954937763e+02 5.244000722240555206e+02 1.410722705769994150e+02 1.575729486409301785e+02 3.475101498501550168e+02 5.946490221897335005e+02
1.619142757540379534e+04 5.578484800521720899e+03 6.135477051220173053e+03 1.831987682431604753e+03 2.444882090641408467e+03 5.489577038612153956e+03 6.177398155223347203e+03 5.242005156770967915e+03 5.081921227987982093e+03 4.659135321835313334e+03 6.252807269771698884e+03 1.695738542307911121e+04 3.567846247189483984e+04 1.174333592300850069e+04 3.559354913860223860e+03 2.352856949207300204e+03 1.921314322987904234e+03 2.001896405383642104e+03 2.170022828905485767e+03 1.880745010913457463e+03 2.373963085544396563e+03 1.752757777109033441e+03 1.592814236348161330e+03 1.723821200495391167e+03 1.488208541268474619e+03 1.332798770636149584e+03 1.164954477045680051e+03 1.085452139710743268e+03 9.038014447659681991e+02 1.098479623887854814e+03 1.023798161804431402e+03 9.134734498505833926e+02 7.752586706941552848e+02 7.145046469915957914e+02 6.450346825980102494e+02 6.782269686933224193e+02 4.120686954607748476e+02 6.829484965021215430e+02 7.971082173245148397e+02 7.498884475867873789e+02 5.082148031009563169e+02 4.369896944594980823e+02 5.993109862201157512e+02 4.216332395176256114e+02 4.167890601446103460e+02 5.404437786417627194e+02 4.741770931601500934e+02 4.733308506427095494e+02 3.273042390869028168e+04 -2.486146447682575342e+02 -1.587511421374987913e+04 -9.474837391599030525e+03 -1.401105057072087675e+03 3.357146912397701271e+03 6.028509215683186994e+03 1.199585633923770183e+04 6.269796090928217382e+03 4.750003846793337289e+03 6.114069192901571114e+03 1.462773363613041874e+04 2.887559284982788085e+03 1.420597102860663654e+04 5.293568420497410443e+03 2.293004906138554816e+03 3.600194051926024258e+03 2.198332911605012214e+03 2.196513110523019350e+03 2.442347710022289903e+03 2.839609203788892955e+03 2.467996890317769612e+03 2.138770579761352110e+03 2.112272232149950014e+03 1.748424959553995450e+03 1.410498546093750747e+03 1.926104810428748578e+03 2.202287531205157393e+03 1.659270737098309837e+03 1.051604386700430496e+03 7.175186533102928479e+02 1.030967856647110693e+03 7.719939363825101282e+02 7.859418909835652585e+02 1.156681055298530282e+03 7.828825132896447485e+02 1.170480708494978899e+03 9.122565401056614292e+02 2.719331077694681653e+02 2.510887711361714025e+02 4.826101878955869324e+02 -3.465980704140184088e+01 -1.798777417966660721e+02 4.847477155244317970e+01 1.870333596211106908e+02 3.266645796224460696e+02 4.305905505680769920e+02 5.021909443052334723e+02
1.581243125452742970e+04 1.425502030626327542e+04 5.330934335737607398e+03 -2.057839030875982189e+03 -3.588129719029661828e+02 2.816105511786497573e+03 2.648015650299025310e+03 3.291426628826594424e+03 4.112203779309746096e+03 2.869908547918828845e+03 3.575060298594839878e+03 5.280266478817599818e+03 1.174333592300850069e+04 2.703812121961162848e+04 1.010135680284984119e+04 2.817734737830414815e+03 2.308331985470346808e+03 1.586142303329759216e+03 1.520023767098670078e+03 1.674404781682700559e+03 1.388652013119428375e+03 1.094339041359115299e+03 1.417150734301530065e+03 1.569980783754620916e+03 1.432609659708760091e+03 1.188542128651494068e+03 1.043881532616332834e+03 7.780149757379806488e+02 8.337585655553475590e+02 8.408276666316171486e+02 5.728373081189228060e+02 5.756172277080884214e+02 7.090247782293836281e+02 5.402862045302097158e+02 5.786586667459253022e+02 5.727562219098737160e+02 3.045074223017392114e+02 5.465707328429373320e+02 6.315193464121455236e+02 6.955125117894508548e+02 5.013118487932975995e+02 3.799024529997219588e+02 3.132689038841620004e+02 3.064685651323291609e+02 3.568973532374458273e+02 3.057828341030702859e+02 5.012324783322862345e+02 3.548964919947641192e+02 -4.906251714936098551e+02 -1.276983350057508324e+04 -4.956847376538643402e+03 -5.826116577882475212e+03 -9.662915124077368091e+03 -5.580152511246268659e+03 4.010551848259122380e+03 5.462385929073514490e+03 1.851235525621773604e+03 4.211231659503810079e+03 2.688604785943315164e+03 5.909982960303713298e+03 1.233223681928148471e+04 3.991108274493354202e+03 1.050915996113294750e+04 5.505811653401699004e+03 3.938762587872922268e+03 3.022085388473508829e+03 1.705830803056683635e+03 2.203486694309126960e+03 1.974522670801921322e+03 1.548041061351503231e+03 1.761390830328444736e+03 1.018393145315363654e+03 9.982806474342236243e+02 1.184629818808106620e+03 1.151526516172391439e+03 1.416277777467073520e+03 1.219805252457624874e+03 8.514614800177292864e+02 9.160035775452151938e+02 8.817390248700933171e+02 4.806292880282124429e+02 7.820808402862328421e+02 8.112138657974135185e+02 3.095141549720042349e+02 4.964691882950461945e+02 3.723685446423739336e+02 4.215065788352861773e+02 5.898034032956343253e+02 7.750403220859112707e+02 5.469208853005916353e+02 2.892700407558558027e+02 1.703478964242878533e+02 1.858274218458551630e+01 2.405063595704611998e+02 3.044180818181574182e+02 3.487172124067613481e+02
5.525861182067096706e+03 7.858763318460492883e+03 6.429742145102777613e+03 3.225408322590995340e+03 5.113200711077754022e+03 2.934323679364991676e+03 1.883079231579373754e+03 2.010502510591918053e+03 2.721799883920260527e+03 2.897429859241419308e+03 3.905685801398581589e+03 2.787508679446106271e+03 3.559354913860223860e+03 1.010135680284984119e+04 2.225065932733496447e+04 8.143928971500788975e+03 2.413497799287065845e+03 1.392556194119825477e+03 1.630278482269211509e+03 1.550939180968912979e+03 1.530431333487269967e+03 1.225787712282836310e+03 9.543291930626352269e+02 1.105445181532811603e+03 9.796682750385477902e+02 1.020908758875413355e+03 8.118989875335867055e+02 8.510770587373475564e+02 8.820348081472124022e+02 8.314055622049779686e+02 8.862008927362245458e+02 9.897997635691153846e+02 6.118159867439392201e+02 6.392072760387716244e+02 6.907084121984911462e+02 4.738600158512270468e+02 4.077187005367042048e+02 5.027032827520086471e+02 4.433891704882516933e+02 4.627317063662138139e+02 4.557145637886627583e+02 4.230587980411503963e+02 3.447299581995945346e+02 4.035188184585102817e+02 2.949862981586056776e+02 3.041033217326430531e+02 3.969614799952111639e+02 3.709263406883547987e+02 3.735371595169211105e+03 1.537651068183766984e+04 2.006604838496062439e+04 3.504017966108361634e+03 -7.672820463257905885e+02 1.338848350693854627e+03 6.640493335661658421e+03 5.907345079741115114e+03 2.530057094713397419e+03 4.494297748657708325e+03 2.342272438033748131e+03 3.412953176945205087e+03 5.135714380307786087e+03 1.113694475210406017e+04 4.011849557974418076e+03 9.049979626912107051e+03 3.959829858712534588e+03 3.036222271180959069e+03 2.322995607365201522e+03 1.221778475898420311e+03 1.295367237456778184e+03 1.110952055139190179e+03 1.803677429183237109e+03 1.622716878903196175e+03 1.484222888299377018e+03 1.375303289321454258e+03 2.136131998497995937e+03 1.436393936746706004e+03 1.296721362046878994e+03 1.164022682569958306e+03 9.168145727466077233e+02 1.152283029778811169e+03 9.973734549523712758e+02 9.251718459661815359e+02 1.056266036948698456e+03 5.970309285862313118e+02 3.000637265128468698e+02 3.299538880568078980e+02 5.721586812160804811e+02 2.997803883141386336e+02 3.356133157211964999e+02 5.429117666856981259e+02 2.838461918537503834e+02 2.278475725176804190e+02 2.985003879055182097e+02 5.785333716408454166e+02 3.423898805501669358e+02 2.575915432704110799e+02
6.113744291068614984e+03 -1.699412383330822877e+03 -1.515159342036114822e+03 4.554053505400435824e+03 7.726283677543319754e+03 2.249799512776414758e+03 4.249131437488075790e+03 3.383607876000183751e+03 2.609588010009166283e+03 2.022843570067286009e+03 2.441647895895906004e+03 2.131746564481510177e+03 2.352856949207300204e+03 2.817734737830414815e+03 8.143928971500788975e+03 1.680336407560203952e+04 6.192962013672820831e+03 1.928087887442466354e+03 1.088496520601080192e+03 1.243272738572978824e+03 1.199571656951293789e+03 1.139478331845668890e+03 6.785029496132867735e+02 7.743185295921811075e+02 7.788233369360098095e+02 7.699279070624506858e+02 7.237325591116569967e+02 9.208459159293934135e+02 5.744232074345638921e+02 4.435270132456599868e+02 5.069418303144405513e+02 6.940256942639249473e+02 4.656920483160371873e+02 4.555762313191520434e+02 4.933785262550752009e+02 4.292527276024894718e+02 5.192633353943317616e+02 4.245672343533886988e+02 2.726995802214844957e+02 2.326835406374515003e+02 3.615730426304598950e+02 2.865569611162583215e+02 2.883541945119043817e+02 3.541762234017435276e+02 2.374822325270454257e+02 3.186287821532853286e+02 3.870355931841231154e+02 2.706283450501117045e+02 1.095646400579827787e+04 1.296085060181592962e+04 8.607200237112108880e+03 4.516820312546884452e+03 4.117061149626653787e+03 3.743100156921914277e+03 7.231774805944698528e+03 3.221338312861099439e+03 -1.026266462111238376e+01 -1.851934648266671388e+02 1.808061299490912006e+03 3.313706629427951611e+03 2.900361974411129268e+03 5.112681275836305758e+03 7.139886580420576138e+03 2.551060297663684651e+03 5.677103977224406663e+03 2.503923827330341737e+03 1.226558698828506294e+03 1.104584878241973911e+03 1.428584855699436048e+03 1.330277422874128661e+03 1.190681999061105216e+03 5.621682529386566785e+02 7.083772496825101825e+02 2.396379336878764548e+02 5.118516191631911170e+02 2.094292142364640767e+02 5.712608109210651719e+02 9.140491221433537703e+02 5.213512405619080710e+02 4.576873200402126827e+02 4.326655512503055547e+02 3.838238792209009489e+02 8.420545370100965101e+02 7.441505054654774085e+02 1.785109565379503636e+02 1.902628126486001179e+02 3.964054922745957583e+02 2.784299127682162407e+02 1.784843870804313042e+02 5.377246164018212085e+02 3.546017843363410975e+02 1.574380400435106253e+02 3.515537373721660401e+02 5.026230706370590156e+02 2.041497695027808845e+02 6.605204558319010744e+01
