6.813421746885034442e+07 1.969521533445353806e+07 4.674807617529016919e+06 1.058229939157511108e+06 9.501371791067769518e+05 7.461353154172785580e+05 6.201658559723004000e+05 3.130761743759389501e+05 3.451609614402243460e+04 -4.843726111100272101e+04 -4.617962224406856694e+04 -1.791765056178962986e+05 5.885771226348452910e+04 1.717770137441421975e+05 1.857961267398945929e+05 2.709190642179779243e+05 3.204048169438296463e+05 2.996798602522216388e+05 9.032103262013122730e+04 5.456513915919014835e+04 -6.899844688868433877e+03 -1.230828469571453315e+05 -4.233245239960605977e+04 -6.261869216954411968e+04 1.249134831986349309e+04 2.176814874695806066e+04 5.407341102757444605e+04 1.030849175454596698e+05 1.304213265668145759e+05 9.956991985440472490e+04 7.654060940552725515e+04 1.986011037886133272e+04 6.088780259167006079e+03 6.131050959018466529e+03 -1.622859463565776241e+04 -2.031871515525761060e+04 -2.162200009378389586e+04 -2.101488036541174733e+04 -1.825215056260253550e+04 -2.864009032017456775e+04 -3.257218171704007545e+02 2.025520901093724387e+04 2.406292377948646026e+04 3.639125898516503639e+03 -2.275938210870113835e+04 -2.304808158087000629e+04 -8.950755628617194816e+03 -2.704499363820046347e+04 2.407406528561742231e+07 3.577362423677005619e+07 1.136821435092167743e+07 7.417129572557124775e+05 1.106326415088170324e+05 5.597270433835161384e+05 6.702907952351140557e+05 2.586259022103834432e+05 -2.353141748810782155e+05 3.484582108180946670e+04 -1.242391230646378681e+05 -4.153309283934301493e+04 2.216925211785866995e+05 -1.376305520586884813e+05 2.251489104020439263e+05 3.333383738066783990e+05 4.664567189555768855e+05 1.761843688510190113e+05 1.080360827621193603e+05 1.196269025599375454e+05 1.177005329479456705e+05 6.977392708075804694e+04 -2.904214401106107834e+04 1.980057421197990698e+04 -6.759280304176879872e+04 5.388058043413582345e+04 9.174656848337429983e+04 9.987260725342105434e+04 3.589058366851059691e+04 3.730603349979890481e+03 -1.725368858177991569e+03 -5.205599608696215000e+04 -1.841511728151289572e+04 -1.696113389687885865e+04 8.619868770948776728e+03 1.127092110519355629e+03 -4.823958848780703556e+04 -1.093345851878069880e+03 1.527815897273186238e+04 4.817173922992971347e+04 1.533499442587960039e+04 -6.247719622501716003e+03 -4.502864978007404716e+03 -2.026769704267211637e+03 -1.113359071089458303e+04 -4.260838621660914941e+04 -4.211461062164789473e+04 -6.964202408037204805e+03
1.969521533445353806e+07 3.446665622804506868e+07 1.108681553729946539e+07 3.072740582748025190e+06 2.195840969254162628e+06 1.700615885260829236e+06 1.069984509010289563e+06 5.417118488043394173e+05 4.573062058955903922e+04 -1.473093942902424315e+05 -5.499090972790054511e+05 -5.248775773661721032e+05 -2.093304570659769233e+05 1.776720809982918436e+05 4.143982979193918873e+05 5.226737696755838115e+05 7.054485624566057231e+05 6.212885397068618331e+05 3.610295567962505738e+05 1.121162204129030288e+05 -1.073312703939415369e+05 -2.571573963934970379e+05 -2.881884950362758245e+05 -2.265906020854614035e+05 -1.283360571780971077e+05 -3.417036084325209958e+04 1.381899614977379388e+05 2.024781617667214014e+05 2.244235137515410897e+05 1.550202731767893420e+05 9.554776504893583478e+04 3.305430537409230601e+04 -1.135029522614610323e+04 -5.564382130053352739e+04 -6.338591776754621242e+04 -7.060195526498867548e+04 -5.781343287907341437e+04 -2.487949592854621005e+04 -5.064262470080675484e+03 6.239706973429219943e+02 1.463700528986667996e+04 2.789331559676825418e+04 1.191082130765746115e+04 3.208106630738212516e+03 -1.222535861050556923e+04 -1.274000887021629205e+04 -7.692697390637846183e+03 -3.150961822734193265e+04 1.578124477512001991e+07 8.679352417186159641e+06 1.900389324267066643e+07 6.403004097805336118e+06 1.493896464918910293e+06 1.152441953869261313e+06 1.080602983960185200e+06 7.654873207094596000e+05 2.142194940743070329e+05 -9.989959920489345677e+02 -2.938689795885687345e+05 -3.291098774073466193e+05 6.875672583272651536e+03 4.855428376950971142e+04 2.109105321224039653e+05 2.846130780664316844e+05 3.148779898332487792e+05 2.278096015022430220e+05 1.806675669908367563e+05 4.440687817274060217e+04 1.785493939384107944e+04 -2.842944547204878472e+04 3.371586762434515549e+03 1.478323030354799448e+04 -4.515248616019500332e+03 1.058648631335031532e+05 5.232647344711001642e+04 7.377882074760939577e+04 5.052693629455086193e+04 5.680330011974209629e+04 4.391798481964714301e+04 4.315055906847542064e+04 1.019113785295746929e+05 1.020922073465447029e+05 7.874809493124173605e+04 1.137146893224752566e+05 9.773683050838761847e+04 6.162243763311042858e+04 3.937102174582262523e+04 4.018777939357740979e+04 -6.390882224325484458e+03 -1.324987556445224982e+04 3.866778437455685344e+04 3.462295056251441565e+04 2.492640211543847545e+04 4.951806540209547165e+03 1.378211640851385164e+04 4.342830587305854715e+04
4.674807617529016919e+06 1.108681553729946539e+07 2.001120247744806856e+07 7.668034881827872247e+06 3.850606778849769849e+06 2.544586193933670409e+06 2.011449784623821266e+06 1.089771583451325074e+06 2.089502905377350398e+05 -4.590910865290914662e+05 -8.399345391107266769e+05 -8.452766692878028844e+05 -3.908731544574053260e+05 1.132194793475018960e+05 6.371159543339021038e+05 9.054021693611090304e+05 1.058403223488986725e+06 9.185261051004166948e+05 5.870392425583642907e+05 1.608369520667746838e+05 -2.142776720484530088e+05 -4.870214348546802066e+05 -5.223409287290900247e+05 -4.680244956489590695e+05 -2.749899967233850039e+05 -4.351799392276151048e+04 1.469297519444056088e+05 2.937624679956345353e+05 3.143335437027090229e+05 2.534917675525282102e+05 1.494281168939290801e+05 5.625727682155465300e+04 -4.558254357831138623e+04 -1.175662031625830714e+05 -1.379455159300581436e+05 -1.199066952530936251e+05 -9.692205086412075616e+04 -4.519419780787495984e+04 -1.004278453598028864e+04 2.001627310418843263e+04 3.259741388413138702e+04 4.286767386347871798e+04 2.716031176351967224e+04 1.157449993173983239e+04 -4.734951341535193933e+03 -1.565919832150815455e+04 -3.393843849498810596e+04 -3.342410235222728079e+04 8.000381084083425812e+06 1.080283549426900968e+07 7.842348724475164898e+06 1.064019086706776172e+07 3.773375408809445333e+06 2.196661903703891672e+06 1.416410454762462061e+06 9.476202913472582586e+05 3.039850173381721834e+05 1.304930127394152223e+05 -1.235806540749732521e+05 -2.383325095498412265e+05 -2.498906378059781855e+04 2.227455411770704668e+05 4.152196753514294978e+05 4.946321586573345121e+05 5.225251546932151541e+05 3.089849752493622364e+05 1.559671943241468398e+05 8.652741067508916603e+04 7.739314395873600733e+04 4.994110838603007142e+04 1.707640214469643252e+04 2.776257638895116543e+04 -7.216575987801297742e+03 8.665520066119036346e+04 1.239722804074961168e+05 6.645358092378074070e+04 8.042544712914842239e+04 5.605089942085299117e+04 3.266539174217466643e+04 6.060322003825978027e+04 1.272232009312451410e+05 1.099407517211179656e+05 1.077036977135962952e+05 9.402550604456894507e+04 1.012483683176395134e+05 5.725524637876685301e+04 6.013285090898087947e+04 4.535764026931105764e+04 8.908165784409506159e+03 9.093570363185741371e+03 4.123808292543100106e+04 4.360275509982691437e+04 4.473749122356274165e+04 3.570097366656838130e+04 4.194011990898032673e+04 2.442534131761532626e+04
1.058229939157511108e+06 3.072740582748025190e+06 7.668034881827872247e+06 1.368235391935081035e+07 6.598449054920079187e+06 3.236304994744062424e+06 2.128279583252754062e+06 1.107351854772482067e+06 2.044518275221779768e+05 -6.202135995711735450e+05 -1.002000014869738137e+06 -9.600214543262809748e+05 -5.503444978127727518e+05 5.475698403712454456e+04 7.525578831389001571e+05 1.203111973985215416e+06 1.308954323646238539e+06 1.119588813887892989e+06 6.999461207104471978e+05 1.779860769914658740e+05 -2.559288034567194118e+05 -5.910029755640167277e+05 -6.796872640410955064e+05 -5.842813147679266986e+05 -3.454032366553448373e+05 -6.292767974225843500e+04 1.944669363496726146e+05 3.547492106843930669e+05 3.964197172199112247e+05 3.037475134667851380e+05 1.662142674316125631e+05 3.773132142438917072e+04 -6.736822652080041007e+04 -1.604454398687902139e+05 -1.902270916741062538e+05 -1.723083411742777098e+05 -1.333106386343812046e+05 -6.638812195417056500e+04 -1.097070328948681163e+04 2.547332860391851500e+04 4.138338991175361298e+04 4.603599590064815129e+04 3.076446806559882680e+04 1.029167852113434674e+04 -5.574801799661523546e+03 -2.556173719013219670e+04 -4.279031631221189309e+04 -4.923654746990845888e+04 1.668157962408816209e+06 3.467393460818314459e+06 6.264363361676491797e+06 4.395041519323935732e+06 5.902848790680386126e+06 2.672839904694736004e+06 9.875963577155375388e+05 6.059662116678189486e+05 3.229963163302528556e+05 -5.216911591176054208e+04 -3.585745816891588038e+05 -4.582469054905620287e+05 -1.987957788914421108e+05 2.082193642906771856e+05 4.538467106659486890e+05 4.531447425912063918e+05 4.488418527772657108e+05 3.262599390605312656e+05 2.215260986569331726e+05 1.210443219228502858e+05 6.315108659760791488e+04 4.791749537348142621e+04 3.505361787157749495e+04 3.842557747733731958e+04 4.935414799041981314e+04 8.231301780101489567e+04 6.822691441911968286e+04 7.245926477431094099e+04 5.452832712106873805e+04 3.491983305201256735e+04 2.237271904870431899e+04 7.373883973398356466e+04 9.931115225577141973e+04 1.155577867572608957e+05 1.345875317149210605e+05 1.220083408526761341e+05 1.073690371305188601e+05 5.956274851736297569e+04 4.735087398856248183e+04 2.245028123974496339e+04 1.624121183956755522e+04 2.950734453093450065e+04 3.350617520436049381e+04 4.439830862394120777e+04 5.250881340095878113e+04 5.341924094089225400e+04 5.491687379212464293e+04 5.098506689327838103e+04
9.501371791067769518e+05 2.195840969254162628e+06 3.850606778849769849e+06 6.598449054920079187e+06 9.288583612185586244e+06 4.523737147117223591e+06 2.264920194974998944e+06 1.074077799678949406e+06 1.451050057999608107e+05 -5.496391559938802384e+05 -9.435389162253621034e+05 -9.146618126934140455e+05 -5.412345078895437764e+05 7.135232239433896029e+04 7.676598387323623756e+05 1.228766068029593909e+06 1.321363450859551085e+06 1.148875514497072203e+06 6.943182827433536295e+05 1.819440724765391205e+05 -2.570179299900152255e+05 -5.934996225264992099e+05 -6.790946525620050961e+05 -5.798796924764916766e+05 -3.405849235369560192e+05 -5.043667334947625932e+04 1.904529273081412248e+05 3.637765155089093605e+05 3.925883143819632242e+05 3.125001400598656037e+05 1.823005405771419173e+05 3.573981438436001190e+04 -6.923418139762860665e+04 -1.491460750124384067e+05 -1.877559666468023788e+05 -1.742299417400337697e+05 -1.187395532778889610e+05 -5.594628322716533876e+04 -3.401171063812475040e+03 3.306845471336552146e+04 4.899548613449955155e+04 4.599857819546184328e+04 3.286654114843458228e+04 9.624671465942523355e+03 -6.130910889474813303e+03 -2.287122991607570293e+04 -3.694076938747199165e+04 -4.325951125207920268e+04 1.780531139247296145e+06 8.251851210245385300e+05 2.650206388692262582e+06 5.140228746300951578e+06 3.064551387882703450e+06 3.851436373335000128e+06 1.688936694008534309e+06 7.649476743099726737e+05 2.025824283555436996e+05 -1.296138185053969792e+05 -3.340404173150090501e+05 -4.137797053361526341e+05 -1.319982915119753161e+05 2.412042723788750009e+05 4.417178802952755941e+05 4.186459480525847757e+05 5.464968174979276955e+05 4.774849930662858533e+05 2.956218991783832316e+05 1.379026710484110517e+05 6.042396041099997092e+04 1.963681668607644679e+04 -1.038064205108733404e+04 2.060705656787074622e+04 5.352294048762528837e+04 7.198838860662543448e+04 9.027585882107728685e+04 7.805111985517649737e+04 6.511181811788371124e+04 4.370310268212598749e+04 3.023402816392808018e+04 7.667047951069952978e+04 9.581374251386089600e+04 1.176096832225493563e+05 1.447460487279408262e+05 1.243086863297208038e+05 9.204673806446380331e+04 5.445240496787416487e+04 3.391096935501641565e+04 2.378073823608161183e+04 1.800431396321632201e+04 2.675876474872299150e+04 3.571726060441099980e+04 3.912691845727636974e+04 4.131245221148768178e+04 3.411656081611401896e+04 5.508047121288780909e+04 6.661803387838079652e+04
7.461353154172785580e+05 1.700615885260829236e+06 2.544586193933670409e+06 3.236304994744062424e+06 4.523737147117223591e+06 5.902036700518215075e+06 2.684404048368931748e+06 9.416064154662381625e+05 4.926289652120297251e+04 -4.984905272787728463e+05 -7.877212422211789526e+05 -7.286251473762366222e+05 -4.101241593300297973e+05 8.976584705831343308e+04 6.183648765325167915e+05 9.690911231336202472e+05 1.073070041375134373e+06 9.039879915469309781e+05 5.754887580200963421e+05 1.533272266609660001e+05 -2.134458197714816779e+05 -5.024505091907754540e+05 -5.578710146111074137e+05 -4.620930299460433889e+05 -2.813900553587340983e+05 -5.891285117180820816e+04 1.588905955877327942e+05 2.933584148047813214e+05 3.164085931964251213e+05 2.557556004115155956e+05 1.501930261022922059e+05 3.623833437337862415e+04 -5.286717450924217701e+04 -1.246211422363240563e+05 -1.591704738575117080e+05 -1.494484560563938867e+05 -1.067399459914944746e+05 -4.780947680542516173e+04 5.850012420214552549e+02 3.257269301000710402e+04 3.868024438276737055e+04 3.973993667026545882e+04 2.625650499663349183e+04 1.038737479676712428e+04 -3.440744791844017527e+03 -2.237477985328505019e+04 -3.186152486499637598e+04 -3.646397954135877080e+04 6.490144065604765201e+05 5.309554084583370714e+05 1.526733417251340579e+06 2.297080916365812533e+06 2.944915253768459894e+06 2.098812243194160517e+06 2.247359790597854182e+06 8.530929499892226886e+05 1.045263651379936200e+05 -2.291194350244138914e+05 -2.514639751017322706e+05 -2.021334432808008860e+05 -1.390178082060492889e+05 6.082185297305377026e+04 3.178274999498737743e+05 4.350782433857342694e+05 4.722814240360086551e+05 4.037589232638411340e+05 2.239093763076097239e+05 1.143902357109735021e+05 2.025353189928344364e+04 3.859370064575764991e+04 1.258452534618869686e+04 3.217726472932038814e+04 7.799181711233870010e+04 8.255658324360377446e+04 8.939929297635261901e+04 7.337123668044467922e+04 5.325325814769958379e+04 4.443257410869620799e+04 3.840088911977896350e+04 6.561772902494552545e+04 8.221188551197010383e+04 1.091714012302685296e+05 1.190577375642670813e+05 1.090059013412637869e+05 8.175616002493444830e+04 4.846608542922454944e+04 2.761168330655899626e+04 2.057829477471366772e+04 2.228180625048223010e+04 2.042481345936032449e+04 2.675973849341281311e+04 3.266735448121857917e+04 3.365002468004014372e+04 2.875041292248792888e+04 3.510408072585187620e+04 4.496447398569178768e+04
6.201658559723004000e+05 1.069984509010289563e+06 2.011449784623821266e+06 2.128279583252754062e+06 2.264920194974998944e+06 2.684404048368931748e+06 3.293248353629662655e+06 1.318923914877436822e+06 1.984917228516041359e+05 -3.198150709865050158e+05 -5.194963074825038784e+05 -4.682192815012693172e+05 -2.506790953102672356e+05 6.787323572653380688e+04 4.146022677175976569e+05 6.785198294599538203e+05 7.305437193927360931e+05 6.315101837382004596e+05 4.039002302782397019e+05 1.042305693110316643e+05 -1.376773067886935023e+05 -3.271770137942249421e+05 -3.654261173611914273e+05 -2.993136809933634941e+05 -1.874031416844444175e+05 -2.354767006403678897e+04 1.149606979806953459e+05 1.978190695531368547e+05 2.057097834056272404e+05 1.746583826273948362e+05 1.064824442683992675e+05 3.222211994918657729e+04 -3.057956999746060319e+04 -8.305998629253599211e+04 -1.019583440013428626e+05 -8.828719209766499989e+04 -6.574937065127356618e+04 -3.149654192959405918e+04 3.389849923565633617e+03 2.112619477598571757e+04 3.085859980553601054e+04 3.248773447408016364e+04 2.245543268080819689e+04 6.229140560513515993e+03 5.220174729307682355e+02 -1.066282058115659311e+04 -1.565692267018028724e+04 -2.251794842746038921e+04 1.186516578234803863e+06 8.572374894307318609e+05 1.232594441935848445e+06 1.044421626085697208e+06 1.069467687690292485e+06 1.734793604711792897e+06 1.005764375232749386e+06 1.143414931589060696e+06 2.500543715200996376e+05 -9.477722837430382788e+04 -1.263679654332327482e+05 -1.443438857573879941e+05 -7.903228067459406157e+04 -1.192813688952802477e+04 1.613783866048885393e+05 2.616944684943298635e+05 3.070171224885963602e+05 2.730385453810809995e+05 1.511528426594296470e+05 8.101440936957564554e+04 2.144844246974833368e+04 5.815639818700901378e+04 4.382633324860793073e+04 2.325225868492897644e+04 5.159686805833298422e+04 4.530838516927357705e+04 3.995558230672433274e+04 3.774183313073534373e+04 3.630749717739992775e+04 3.317833105582128337e+04 2.929219396013114965e+04 3.397737072369061934e+04 4.831036270932976913e+04 7.289762075606749568e+04 8.364672263846406713e+04 7.831508606759375834e+04 6.105088149125617929e+04 4.020647610934604018e+04 2.145421357071077364e+04 2.350186263725825847e+04 1.855137921350384931e+04 1.609391010078100953e+04 1.765009818481235561e+04 2.548986947914400298e+04 2.385875790251217404e+04 2.798002967599138719e+04 2.630828479129911284e+04 2.808457925893204811e+04
3.130761743759389501e+05 5.417118488043394173e+05 1.089771583451325074e+06 1.107351854772482067e+06 1.074077799678949406e+06 9.416064154662381625e+05 1.318923914877436822e+06 1.822364661689675879e+06 5.049528677114415332e+05 -8.724262645771411189e+04 -2.216187525881019246e+05 -2.011604986957820365e+05 -9.476157277295392123e+04 5.241255607231539034e+04 2.065339417364068213e+05 3.334385372065750416e+05 3.703826072798310779e+05 3.053853087997363182e+05 1.967758838605717756e+05 6.036569501736962411e+04 -4.912517186389561539e+04 -1.408695599144307489e+05 -1.671134567309520207e+05 -1.323686517580819782e+05 -8.066229455602620146e+04 -3.930942998310780240e+03 5.623068114869805868e+04 1.011352670401802316e+05 1.016460416196229198e+05 8.206330885669319832e+04 5.673043772939898918e+04 2.338988093103222127e+04 -7.952764178736526446e+03 -3.085457184110177332e+04 -4.029304756067080598e+04 -3.659215960889092094e+04 -2.359534119704587283e+04 -8.836813840890554275e+03 4.750180584081327652e+03 1.394844060233889104e+04 2.055536991020866844e+04 1.696246839375554919e+04 1.276604627186549624e+04 3.451984472625850685e+03 2.671676642642826664e+03 -3.312333951720767800e+03 -6.916213228429250194e+03 -9.648649969566798973e+03 5.442558271834057086e+04 3.962245530697292415e+05 2.204258736406014068e+05 1.824471720794453286e+05 2.471249902947987430e+05 6.855976414897529176e+05 9.677968117775770370e+05 4.170683687870118883e+05 5.951290327444405993e+05 1.105076103798420227e+05 -8.434540823016624199e+04 -1.019822371447124897e+05 -4.585587569103929127e+04 -4.726294547106830578e+03 9.368664627593550540e+04 1.354196688885398326e+05 1.465335862464097445e+05 1.542883276923105004e+05 9.343215249949430290e+04 5.800114366867300851e+04 3.437015757992692670e+04 5.914011615591653390e+04 5.434978454940226220e+04 2.822732058629265521e+04 3.387503416612348519e+04 3.048333353462490777e+04 3.460780018992855184e+04 2.291859045218080792e+04 2.122225257106279969e+04 2.602486310003991457e+04 2.645709867467513686e+04 2.613261670077956660e+04 3.174838416616392351e+04 3.454986140386402258e+04 4.344727066815900616e+04 4.630081845636766229e+04 3.303452796604606556e+04 2.188342470118152778e+04 2.004559042926989059e+04 2.313267647749897878e+04 1.437717940614191320e+04 1.379492234253370407e+04 1.591686252087832872e+04 2.000663733073595358e+04 1.382559111443044094e+04 1.760606225346146311e+04 2.071586640256808096e+04 2.077406223265789595e+04
3.451609614402243460e+04 4.573062058955903922e+04 2.089502905377350398e+05 2.044518275221779768e+05 1.451050057999608107e+05 4.926289652120297251e+04 1.984917228516041359e+05 5.049528677114415332e+05 1.057465562632797053e+06 3.732849143203186104e+05 9.608534480943501694e+04 6.455284137096362974e+04 5.316229782652510039e+04 4.081163110216733185e+04 2.425010864237625719e+04 2.132630242169386474e+04 2.843507918571737173e+04 1.392892653562783016e+04 7.347124854398970456e+03 1.851359603087373034e+04 1.749011200982288574e+04 1.543352879857593689e+04 1.467788713564637510e+04 2.456776911247281532e+04 2.117117806116165229e+04 1.628138805622835753e+04 1.373007991281135219e+04 1.301299209189744033e+04 1.232052675956707026e+04 5.761797242631393601e+03 6.884044285422969551e+03 1.023758298423458291e+04 7.910925469701122893e+03 9.789071859754434627e+03 9.162012581423825395e+03 1.047988918352378823e+04 1.115819601369267184e+04 7.424822464590820346e+03 7.292256404460289559e+03 7.652565498087458764e+03 7.949908112854988758e+03 5.815012824929569433e+03 4.077878134719698210e+03 3.216590406144712688e+03 3.958783441004093675e+03 4.020428317895977671e+03 4.058962929044838347e+03 4.263772318254069432e+03 -4.380427223220553133e+05 7.782446008039169828e+04 4.481595617929002765e+04 -7.729944677438719373e+04 1.343018233654310170e+05 2.533856906393986719e+05 3.504948297986906255e+05 5.726801086256605340e+05 1.880314564749094134e+05 4.279890732476568082e+05 1.589096754757896706e+05 5.267618671470844856e+04 5.060186891095359897e+04 1.258293305430604050e+04 1.754431798340412206e+04 1.403283156148193302e+04 2.279623041141512658e+04 2.891786026294578551e+04 4.992834780572204181e+03 7.344299854196839078e+03 2.283639411591032331e+04 4.215550788563796959e+04 3.528491739239622984e+04 2.524172940460084283e+04 2.749008866433867661e+04 1.835780576612928417e+04 9.730035578428170993e+03 1.084107871348055232e+04 1.719423499438533327e+04 1.777917512654148231e+04 1.439287963131802098e+04 9.470133619429723694e+03 9.225441123463080658e+03 -1.030492895972037104e+03 8.158898829389764614e+03 1.302189760951848621e+04 7.879882102534550540e+03 2.082975762538074378e+03 8.996875314668815918e+03 1.377227021384255204e+04 9.466481962059589932e+03 3.021337236452212437e+03 1.068701071605164361e+04 7.891435969450090852e+03 1.374556400761793157e+03 4.985254843341158448e+03 8.139385336137915147e+03 6.958825947445471684e+03
-4.843726111100272101e+04 -1.473093942902424315e+05 -4.590910865290914662e+05 -6.202135995711735450e+05 -5.496391559938802384e+05 -4.984905272787728463e+05 -3.198150709865050158e+05 -8.724262645771411189e+04 3.732849143203186104e+05 9.533891964221809758e+05 4.690543039366776356e+05 2.881275882327652071e+05 1.609555287788746937e+05 1.354837732535204304e+04 -1.158861039653008775e+05 -2.125709256981488434e+05 -2.305372760273783642e+05 -2.083087625052844232e+05 -1.254937785706829745e+05 -5.749637368263458484e+03 7.701664645291907073e+04 1.342244173758153629e+05 1.561951238362928270e+05 1.399054785525220796e+05 8.874826494670631655e+04 3.700199694304737204e+04 -1.829906588123959227e+04 -5.540705124080825044e+04 -6.337766248095104675e+04 -4.831934493686380301e+04 -2.641770455645627590e+04 5.735699630086965044e+02 2.289439936420555750e+04 4.179800205264498072e+04 4.811143450566980027e+04 4.828033808662208321e+04 3.657078847054418293e+04 2.399593952831548449e+04 7.426626999329262617e+03 2.577364495750025526e+02 -4.043593192564452238e+03 -4.364988288483283213e+03 -4.355024403706574958e+02 1.725462211759180718e+03 7.321126018158201987e+03 1.050806332851759726e+04 1.303578508572611463e+04 1.363193543735728599e+04 -1.328856905656752933e+05 -3.971642959213678841e+05 -1.554921339490093524e+05 -2.293045741045456089e+05 -2.168800226053617953e+05 -1.608614395370723214e+05 -4.450869966662640218e+04 1.283875825500381179e+05 2.754453292235194822e+05 1.988072767331977375e+05 4.485235177929284982e+05 1.875947892370950140e+05 7.641455611587775638e+04 4.071684550249994572e+03 -7.941420264214600320e+04 -9.201994202384067466e+04 -8.686875052417760890e+04 -4.532281656200626458e+04 -3.591843963309477112e+04 -1.563599565927730873e+04 8.851572597041006247e+02 2.072670976839514697e+04 2.348031054190968644e+04 2.704188787100277295e+03 6.731649095369359202e+03 4.050019137119415973e+03 1.867052921276301277e+03 -2.727886540170251465e+03 1.596324328299519402e+04 1.408038398073923418e+04 7.959189724287196441e+03 9.145765061864141899e+03 -5.363046276463026516e+03 -1.547029347485554536e+04 -1.722470724207405874e+04 -2.406817556669346232e+04 -1.583402225687674945e+04 -6.266017127180576608e+03 1.247658225890289032e+03 1.393296186519337425e+02 2.941548452419960540e+03 4.795174649014279566e+02 5.888327813099235755e+02 2.958613372741785497e+03 -5.211437219369171544e+03 -4.936800283291466258e+03 -3.388262940201052515e+03 -2.042235312069414249e+03
-4.617962224406856694e+04 -5.499090972790054511e+05 -8.399345391107266769e+05 -1.002000014869738137e+06 -9.435389162253621034e+05 -7.877212422211789526e+05 -5.194963074825038784e+05 -2.216187525881019246e+05 9.608534480943501694e+04 4.690543039366776356e+05 8.983243334652390331e+05 5.024329869892138522e+05 2.322848769615843194e+05 1.326160425951864454e+04 -1.759671115293566545e+05 -3.211399457871754421e+05 -3.535823676020267885e+05 -3.001664795496765291e+05 -1.796134536359072081e+05 -2.597220130847316977e+04 1.096994649086132413e+05 2.013526734321460535e+05 2.257822894537432585e+05 1.955099113051950990e+05 1.206768143878047413e+05 4.371311318309213675e+04 -3.380680790673755109e+04 -8.679127612599568965e+04 -1.006591470318405773e+05 -7.687435896093663177e+04 -3.845585336522392754e+04 -2.114637114386730900e+03 3.161482186713059855e+04 5.700525961824840488e+04 6.887690512823349854e+04 6.239892921049502183e+04 4.859295035933299368e+04 2.790478678839837812e+04 8.096674765826748626e+03 -1.477163402457781558e+03 -6.029319349672486169e+03 -6.578413885608327291e+03 -2.869218761588635971e+02 5.239400103367436714e+03 1.155848054417751700e+04 1.369709517860917003e+04 1.700375967938122994e+04 1.891737016779461555e+04 -9.948252064518515544e+04 -4.172669339201321127e+05 -8.982156808217251673e+05 -6.769357166875174735e+05 -4.339791952254906646e+05 -3.066151187465729890e+05 -1.796372002462492092e+05 -4.933647945814837294e+04 9.275540842365360004e+04 3.406699868680339423e+05 2.676388987848326215e+05 4.050197782462017494e+05 1.346818551516512234e+05 1.393206385929279350e+03 -1.048916714839434717e+05 -1.313661082070335397e+05 -1.177311368952829071e+05 -8.558401693625167536e+04 -4.564675155763320799e+04 -1.599195198534723386e+04 1.836608489771585027e+03 2.452099222412516974e+04 2.563048722170043038e+04 1.545911742049009626e+04 5.571233221436790700e+03 -3.689154776755822240e+02 -4.876364311664045090e+03 -6.335434887232219808e+03 3.128418923742045081e+03 3.872624992953742549e+03 8.336516319869379004e+02 -6.013118901921673569e+03 -1.980737260260240873e+04 -2.067606510856765817e+04 -3.230053902062111592e+04 -3.625611251687170443e+04 -2.649946206881512626e+04 -1.600649178732752807e+04 -3.358741582445034510e+03 2.139591966692642927e+03 8.785030529527352883e+02 1.036082983869167037e+03 -1.463474787040018782e+03 -3.711471448753422919e+03 -1.018380055776124755e+04 -5.838533685319384858e+03 -1.024126226674323152e+04 -1.056562887617699016e+04
-1.791765056178962986e+05 -5.248775773661721032e+05 -8.452766692878028844e+05 -9.600214543262809748e+05 -9.146618126934140455e+05 -7.286251473762366222e+05 -4.682192815012693172e+05 -2.011604986957820365e+05 6.455284137096362974e+04 2.881275882327652071e+05 5.024329869892138522e+05 7.516958980663598049e+05 3.293247607609071420e+05 3.163922483605815796e+04 -1.744748231794536987e+05 -3.038709846790623851e+05 -3.371863584476397373e+05 -2.826426604205492768e+05 -1.664862507078938070e+05 -2.513456265963884653e+04 1.053361257104068645e+05 1.852488825996021333e+05 2.128963637281387928e+05 1.839196858149215986e+05 1.194529370843905926e+05 4.184454881809117796e+04 -3.608018990132789622e+04 -8.637883482438350620e+04 -9.605776418249870767e+04 -7.217798501620070601e+04 -3.900181432329992822e+04 -3.159823574263697992e+03 2.929549531016173205e+04 5.496142308644358855e+04 6.301691771250990860e+04 6.021082131845241383e+04 4.470488699482680386e+04 2.901188525060959728e+04 1.039888861233250282e+04 -2.484709686274553860e+03 -6.368525557035150996e+03 -5.871820913705789280e+03 -1.054571431527263485e+03 3.088941722151184877e+03 9.174937307529115060e+03 1.301913367424244461e+04 1.652174556819997451e+04 1.828397256099992228e+04 2.984187544432257710e+04 -4.461962779642650858e+05 -7.670141677169108298e+05 -5.959706929888849845e+05 -5.251097759451337624e+05 -2.954197226638230495e+05 -1.191236437972005660e+05 -1.481578010187222390e+02 6.736072346042489517e+04 1.980986735989024164e+05 3.422529073884465033e+05 2.053480630545667955e+05 2.056528736580681871e+05 2.118698943688628060e+04 -8.051366817823710153e+04 -1.254109777280975686e+05 -1.101929294941041153e+05 -8.065449810056317074e+04 -3.719036149553992436e+04 -7.776489031946566683e+03 2.446462989529519473e+04 4.071764150583095034e+04 3.129780953871261954e+04 1.637072904900133835e+04 7.305089004793797358e+03 2.113588383928665280e+03 5.634007292146492546e+03 3.511634237708894943e+03 7.813236581979635957e+03 2.246979927914310792e+03 -2.257279550767665569e+03 -6.265078865265295462e+03 -1.650094924127554987e+04 -2.595400542655166646e+04 -2.835686753800900624e+04 -3.056328470675691642e+04 -1.878307682417375327e+04 -1.074086052372118684e+04 -3.078193691617900186e+03 3.370190035201156206e+03 2.149202926796160682e+03 -3.525665871447436075e+03 -2.378258575725940318e+03 -2.142372500460107403e+03 -8.164579408401408728e+03 -1.000689298820618387e+04 -9.728322618341315319e+03 -8.288099336502860751e+03
5.885771226348452910e+04 -2.093304570659769233e+05 -3.908731544574053260e+05 -5.503444978127727518e+05 -5.412345078895437764e+05 -4.101241593300297973e+05 -2.506790953102672356e+05 -9.476157277295392123e+04 5.316229782652510039e+04 1.609555287788746937e+05 2.322848769615843194e+05 3.293247607609071420e+05 4.472800651047142455e+05 1.054447273021430738e+05 -7.903330721452520811e+04 -1.606836685453762766e+05 -1.842291270068729063e+05 -1.524281978064335708e+05 -8.294133335915207863e+04 -4.891907334126652131e+03 7.291391663482942386e+04 1.159603768298290961e+05 1.281815974072463432e+05 1.132217578993079660e+05 7.475058127659685852e+04 2.797007813357924897e+04 -1.542227742924903214e+04 -4.238498135982228996e+04 -4.862413263843527238e+04 -3.532330343422447913e+04 -1.648189938829702442e+04 3.376006179229907502e+03 2.055999432215600973e+04 3.353981823151870776e+04 3.896939427632322622e+04 3.682945146779213246e+04 2.585420706901379162e+04 1.786028185748265969e+04 9.375873135460740741e+03 3.148871065504317812e+03 -1.299432457773195893e+03 -1.351598779813672991e+03 2.580829020914582998e+03 3.730479223081475993e+03 6.490299992576277873e+03 1.020407408512431357e+04 1.152999258971449672e+04 1.286579484924297140e+04 2.894750390394548886e+05 -1.307319483054081647e+05 -3.919491965524279512e+05 -3.847090106651528040e+05 -2.909106409586663358e+05 -1.812961388098529133e+05 -7.407596649039088516e+04 6.545529070080042584e+04 7.618610233527883247e+04 1.087010115326840314e+05 1.420777834093616111e+05 2.163397026346084021e+05 6.305262188316949323e+04 1.296530832852780004e+05 -9.278527557728230022e+02 -5.418217794054935803e+04 -4.233816049173071224e+04 -4.100268506153927592e+04 -1.712894754792246749e+04 7.930302876331548759e+03 2.699763826684419837e+04 3.006575793751223682e+04 2.545664032922949627e+04 1.946222020819699173e+04 1.033391336682817928e+04 4.557391182634257348e+03 9.877024236217439466e+03 1.442058535445464076e+04 1.134904037455537764e+04 6.891021085848192342e+03 3.097028316336785338e+03 2.740392766093738828e+03 -5.103628886456951477e+03 -9.867892557719342221e+03 -8.633917283654278435e+03 -1.116596185218771279e+04 -3.499285647067246828e+03 -1.217024514118547813e+03 -3.198935823210232229e+03 -6.555960961740283892e+02 2.784328552944658441e+03 -2.468000795105794168e+03 -4.775652714300878870e+03 -3.699473283033176358e+03 -3.553868372153565360e+03 -3.294659829072864795e+03 -3.173549265541360000e+03 -3.041678293491791010e+03
1.717770137441421975e+05 1.776720809982918436e+05 1.132194793475018960e+05 5.475698403712454456e+04 7.135232239433896029e+04 8.976584705831343308e+04 6.787323572653380688e+04 5.241255607231539034e+04 4.081163110216733185e+04 1.354837732535204304e+04 1.326160425951864454e+04 3.163922483605815796e+04 1.054447273021430738e+05 2.719694391265669838e+05 1.161990755415473104e+05 5.258136938249755622e+04 5.003489317216916243e+04 3.870683426891369163e+04 2.906291585253539961e+04 1.988368526270079383e+04 7.372021610435556795e+03 -2.096764897238219419e+03 -6.995773152030014899e+02 2.984124064299117890e+03 6.394853233528585406e+03 9.945670156079353546e+03 1.402522930003255715e+04 1.483319905863359963e+04 1.597653690705515328e+04 1.454306931329027793e+04 9.268162679183369619e+03 6.519075622249575645e+03 5.393551294654248522e+03 1.906142187119457958e+03 1.478536572697091287e+03 1.746979315616449185e+03 1.658664746553045006e+02 4.004372224120551436e+03 6.129089924430287283e+03 7.531405087759851085e+03 5.858535884350067136e+03 4.556995384935651600e+03 3.584740311994906278e+03 3.129050384247266720e+03 3.261305971914310248e+03 2.421983344554673295e+03 4.113036481531240497e+03 2.471591463258329895e+03 1.052754245977894243e+02 -1.107086202950207517e+05 -1.867492124191032417e+04 -1.984783431418046530e+04 -5.994611775303215836e+04 -2.733634881435166244e+04 5.790536862646143709e+04 6.184432998386785039e+04 1.672547668798288578e+04 3.400454965586985054e+04 1.616368444598701899e+04 4.981812526886590786e+04 1.187946724357171770e+05 4.155468472030017438e+04 1.122273195570723037e+05 6.527377052419872780e+04 4.976594584949195269e+04 3.856509904630705569e+04 2.223740343622198270e+04 2.421984548179733611e+04 1.993049071091072983e+04 1.476691342405510295e+04 1.707486502960687721e+04 1.040391102966150174e+04 1.093006689808992087e+04 1.311114195382184153e+04 1.275843948827273562e+04 1.516991200952942927e+04 1.289272170685647325e+04 8.994849645915672227e+03 9.700300982144393856e+03 9.820152167216278031e+03 6.505130292422673847e+03 1.016928266135026752e+04 1.078828554092908234e+04 5.611528107353218729e+03 6.978895811738897464e+03 5.093451008649709365e+03 4.999104445149439016e+03 6.317522669207072795e+03 8.020892748082722392e+03 5.750247503448940734e+03 3.287070135701761956e+03 2.257795129157227166e+03 9.044134702073661174e+02 3.274290573031938038e+03 4.035042124470937779e+03 4.555418048724160144e+03
1.857961267398945929e+05 4.143982979193918873e+05 6.371159543339021038e+05 7.525578831389001571e+05 7.676598387323623756e+05 6.183648765325167915e+05 4.146022677175976569e+05 2.065339417364068213e+05 2.425010864237625719e+04 -1.158861039653008775e+05 -1.759671115293566545e+05 -1.744748231794536987e+05 -7.903330721452520811e+04 1.161990755415473104e+05 3.676997227988810046e+05 3.147733633213077555e+05 2.818269433247540146e+05 2.323572969192056626e+05 1.488479517889452400e+05 4.552839420063633588e+04 -4.698273414810586837e+04 -1.124229053568713134e+05 -1.326435476669603959e+05 -1.105239623080258752e+05 -6.603628127759965719e+04 -8.337446788619705330e+03 4.240975481636360928e+04 7.594706139734020690e+04 8.185862075990806625e+04 6.697062292077096936e+04 4.270698441817492858e+04 1.719234220174243092e+04 -1.010445716947435722e+04 -2.704110020715015708e+04 -3.428345724607862212e+04 -3.332093052202538092e+04 -2.345177000707574189e+04 -8.945224398509009916e+03 2.654500708544689587e+03 1.013730033130919037e+04 1.264043145731980985e+04 1.147777154823666024e+04 7.769495530911484821e+03 4.650598436516198490e+03 8.162421475791688863e+00 -3.038468890336045661e+03 -4.628746681916504713e+03 -6.591822922305176689e+03 8.527040944815901457e+04 3.162087950834641233e+05 4.960428784907111549e+05 4.023214052678439766e+05 3.430645143277145689e+05 2.855524546924441820e+05 2.365945661530976067e+05 1.281105070619095932e+05 8.215696359888210281e+03 -3.257778066720316565e+04 -7.909696411677292781e+04 -5.461558909338263038e+04 8.066505281606900098e+03 1.270844122196365061e+05 1.083452248773901665e+05 1.881746860750704946e+05 1.388284859534361167e+05 1.101440191052355221e+05 7.274881933273012692e+04 3.310901093026946910e+04 1.472503631121145918e+04 4.287562855454564669e+03 1.288282209183638042e+04 1.833045859462010412e+04 2.389926601404933899e+04 2.584657830491408095e+04 3.324767747828827851e+04 2.399344771849061362e+04 1.960915117003949490e+04 1.623189424939615492e+04 1.433378119048888948e+04 2.111053363882954727e+04 2.621682159892175696e+04 3.170617557326236420e+04 3.615009237808707985e+04 3.003022556358859219e+04 2.225903687226129477e+04 1.639627262654196602e+04 1.321801234495705285e+04 7.008658827917085546e+03 5.942363543501647655e+03 8.116211340900537834e+03 6.609147552194562195e+03 7.578456556330845160e+03 9.855617660342284580e+03 1.409626998230039317e+04 1.289781687259851242e+04 1.278973072801116723e+04
2.709190642179779243e+05 5.226737696755838115e+05 9.054021693611090304e+05 1.203111973985215416e+06 1.228766068029593909e+06 9.690911231336202472e+05 6.785198294599538203e+05 3.334385372065750416e+05 2.132630242169386474e+04 -2.125709256981488434e+05 -3.211399457871754421e+05 -3.038709846790623851e+05 -1.606836685453762766e+05 5.258136938249755622e+04 3.147733633213077555e+05 5.430155016996288905e+05 4.760560750384975108e+05 3.703137872073758044e+05 2.238930038517003995e+05 6.067506596171090496e+04 -8.810330719012540067e+04 -1.889747174387646664e+05 -2.217177557591188815e+05 -1.876406233092054899e+05 -1.140798913009488169e+05 -2.210611483261073226e+04 6.234464297529848409e+04 1.175826260018212633e+05 1.231211200091867504e+05 9.869989433539440506e+04 5.946032528464881761e+04 1.866270646519349248e+04 -2.141379877296272389e+04 -4.917335329711603117e+04 -6.126188696289711515e+04 -5.687142285201610503e+04 -3.904805284682117781e+04 -1.820858363041107441e+04 -1.325923275448940331e+02 1.118170922543191591e+04 1.660605589511901780e+04 1.451222857897501308e+04 9.829570252248877296e+03 4.530763445654733914e+03 -2.352667035028529881e+03 -6.583836955821205265e+03 -9.947727041231610201e+03 -1.384818054937507986e+04 1.865696424559032312e+05 3.906652628935567336e+05 5.607692393438457511e+05 6.354111768115627347e+05 6.048265596808070550e+05 4.748148384842752130e+05 3.458227027066314477e+05 1.431600761341510224e+05 -2.755904553822077287e+04 -1.264324457797497598e+05 -1.466746796284464072e+05 -1.094816693943632854e+05 -4.056703465421812143e+04 7.638170423763094004e+04 1.810433147383727483e+05 1.824800133195758390e+05 2.162399066432912368e+05 1.532533735629004950e+05 9.184537235658823920e+04 4.461930312634141592e+04 1.713253672004329201e+04 2.339478759013170929e+03 3.624109466173005785e+03 9.001795485944783650e+03 2.163897476775002724e+04 2.183143266533825954e+04 2.422060609986474810e+04 1.756949002337115962e+04 1.638660039895915179e+04 1.651957636215341336e+04 1.351499863496803300e+04 1.998488792124014799e+04 3.043027130729392957e+04 3.992389908519867458e+04 4.954108435979897331e+04 4.610723458369012951e+04 3.273451361882739729e+04 2.294986531926113821e+04 1.601126068771325663e+04 9.229983754542672614e+03 5.941071326534246509e+03 9.695566976960322791e+03 9.605735972348571522e+03 1.009176769974952913e+04 1.455702609293408022e+04 1.838240410617250382e+04 1.726665265127048042e+04 1.707473466627255402e+04
