2.768318434070688859e+07 1.623091957573582881e-05 2.439392667780808512e-05 3.645145601383055169e-05 5.409548400480893834e-05 7.963324419915062118e-05 1.161546232604813647e-04 1.676919190036113062e-04 2.395075852501058063e-04 3.384026656740732266e-04 4.736658536170824138e-04 6.584205638685000162e-04 9.122176231956461269e-04 1.264783303119425620e-03 1.758532453416468151e-03 2.446770591357912746e-03 3.379567235630587078e-03 4.578784466684781770e-03 6.033332029818905783e-03 7.759772210396732872e-03 9.864338327512135740e-03 1.240517314816072005e-02 1.505738208748083617e-02 1.719027507967596860e-02 1.853053866140466285e-02 1.873458800868859492e-02 1.706751112426077577e-02 1.372047880504186079e-02 9.445742806788344492e-03 5.292458132035478789e-03 2.296135786468197788e-03 7.166688088723695326e-04 1.475420309006604937e-04 1.788961540334623728e-05 1.108402867436768486e-06 2.930220806536738880e-08 2.630646282481100622e-10 6.005978140036264759e-13 2.417495959440164422e-16 1.078630803172997994e-20 1.913057687132770196e+07 5.556963327814271370e-06 8.484168755524599975e-06 1.281301630126801110e-05 1.911010039699482363e-05 2.809347344872038021e-05 4.062846993215721829e-05 5.766971465891639553e-05 8.021816659134332374e-05 1.091993200199231140e-04 1.456344095820284853e-04 1.909162687933755643e-04 2.477110471892019416e-04 3.214278388030466040e-04 4.207622324458923217e-04 5.555045864987871035e-04 7.268616763435320483e-04 9.121191362959606011e-04 1.065188893725345582e-03 1.163912438418063808e-03 1.264358955885538406e-03 1.434154802752987115e-03 1.568432069751993924e-03 1.472354120079074008e-03 1.282901052375295860e-03 1.135175590508007279e-03 8.456785741138227695e-04 5.433856308406545240e-04 3.120708330284375294e-04 1.373908919529579561e-04 4.838868423973942401e-05 1.185725334244974094e-05 1.934464481125507917e-06 1.835878061817877232e-07 8.877029607577434508e-09 1.821229735023135606e-10 1.263708724505767203e-12 2.220858230939099745e-15 6.855341633400296792e-19 2.337194033467567984e-23 3.077111713996969163e+06 4.251089871299436993e-07 6.476025200399734813e-07 9.754031813400850095e-07 1.450099099042667705e-06 2.123615382461230599e-06 3.057442966256437901e-06 4.317672264799003158e-06 5.972018209650216416e-06 8.081675302243902754e-06 1.071663610450942564e-05 1.398109423817694298e-05 1.807488699991837631e-05 2.339501658596838648e-05 3.053345524942253789e-05 4.009325721473811925e-05 5.212362338963861814e-05 6.555297086103094458e-05 7.890438287528764251e-05 9.267296715713738663e-05 1.094110558961569656e-04 1.285700067564753677e-04 1.455944237455852810e-04 1.601113275890852247e-04 1.683479938769405786e-04 1.599366534690576009e-04 1.420080737913993957e-04 1.116547483490818929e-04 7.339375999509186333e-05 3.992469399334642511e-05 1.651547657509148373e-05 4.907892358706065139e-06 9.537251867639563380e-07 1.081179350278736224e-07 6.206962876208435524e-09 1.505408543473337787e-10 1.227996182795492094e-12 2.523190852091280249e-15 9.056403960808362345e-19 3.572452449198563321e-23
1.623091957573582881e-05 2.033564640056061745e+07 3.684859522935951830e-05 5.507322375875100211e-05 8.174926464694431212e-05 1.203723291164999549e-04 1.756272413304041239e-04 2.536331817459329895e-04 3.623840958735877605e-04 5.122230256917091953e-04 7.172901318551577450e-04 9.975814607853003124e-04 1.382908660467477334e-03 1.918635861999477138e-03 2.669583358853385487e-03 3.717429191133290577e-03 5.139389844745724176e-03 6.970307723000102734e-03 9.195319384226664783e-03 1.184213632917350406e-02 1.507620947792102234e-02 1.899112796723367164e-02 2.309467394613442040e-02 2.642175752623856025e-02 2.854948667698410311e-02 2.894110172843225234e-02 2.644522285899318301e-02 2.133124145115954107e-02 1.474134226903499843e-02 8.295063315785698027e-03 3.616217111696141615e-03 1.134834742508863785e-03 2.350620432340692044e-04 2.869808070715166055e-05 1.791879195555716049e-06 4.778501254604866138e-08 4.332193890697792574e-10 1.000037843964144070e-12 4.075545234586574073e-16 1.843976021530674090e-20 5.444316742576552110e-06 1.433735817853476107e+07 1.281588259483922388e-05 1.935873599991493754e-05 2.887924349923048944e-05 4.246564190626170673e-05 6.143075405322849460e-05 8.722515256686902928e-05 1.213731404059068496e-04 1.652894961470384070e-04 2.205396991445150788e-04 2.892596932142786127e-04 3.755263478153008619e-04 4.875957620973437375e-04 6.387484357137057471e-04 8.439896134737154710e-04 1.105356176539502681e-03 1.388523767886191062e-03 1.623439922405467938e-03 1.776238966460947375e-03 1.932389161982788362e-03 2.195553182419140818e-03 2.405625828390147922e-03 2.263034382706394492e-03 1.976530049769262276e-03 1.753613809350328297e-03 1.310335068581023384e-03 8.448021572172301945e-04 4.870281835907022379e-04 2.153377729837123455e-04 7.620803133309410489e-05 1.877578998437711766e-05 3.081963632473353871e-06 2.945070399707067064e-07 1.435088733479621380e-08 2.969997535447719118e-10 2.081097429321426402e-12 3.697886048258160948e-15 1.155710511794923473e-18 3.995555979581579656e-23 4.172538356930646407e-07 2.327773655878961552e+06 9.782452593897194047e-07 1.473702384907696745e-06 2.191394294603155376e-06 3.210022802728056258e-06 4.622891957425481349e-06 6.530457524512891219e-06 9.035890939256754765e-06 1.223282378029591125e-05 1.622860771099943043e-05 2.118293561724639257e-05 2.740126602859675899e-05 3.548949270851747091e-05 4.635206126778758883e-05 6.091451534692768203e-05 7.926565800963433653e-05 9.979163299404562816e-05 1.202570980293542576e-04 1.414275936648571414e-04 1.672189196198226859e-04 1.968283249172014815e-04 2.233094521507341301e-04 2.460939487678461511e-04 2.593690823622495784e-04 2.470693754250868944e-04 2.200341415832860847e-04 1.735897434809277910e-04 1.145407575274562341e-04 6.257543399985416492e-05 2.601046042251988006e-05 7.771576901633105684e-06 1.519462553931309998e-06 1.734401302299726927e-07 1.003437285504771877e-08 2.454967420077268220e-10 2.022285396685618985e-12 4.201291248156591266e-15 1.526777484811637135e-18 6.107295132868674730e-23
2.439392667780808512e-05 3.684859522935951830e-05 1.479971839138273895e+07 8.282081187142094521e-05 1.229680398465401764e-04 1.811165694555791458e-04 2.643394337787847471e-04 3.818845316848028791e-04 5.458465775637986583e-04 7.718946236861193170e-04 1.081473743213247135e-03 1.504941257280071037e-03 2.087594149421868883e-03 2.898423199442146190e-03 4.036166560640663120e-03 5.625606054326023724e-03 7.785552782576359021e-03 1.057152604705152883e-02 1.396445666651661976e-02 1.801069205989806396e-02 2.296763265737841037e-02 2.898606521420728221e-02 3.532375403940212627e-02 4.050868108456413125e-02 4.388795625115333998e-02 4.462397329378103850e-02 4.091383940261236057e-02 3.312784502160986966e-02 2.299193085440805542e-02 1.300028207132271525e-02 5.698292747449303607e-03 1.799183722438111276e-03 3.752411825566154486e-04 4.616789564940906984e-05 2.907878284679768225e-06 7.830928773589559270e-08 7.178219165229790521e-10 1.677693170111882504e-12 6.933368915511821721e-16 3.186663428512144520e-20 8.182423849090787754e-06 1.261581584552578741e-05 1.059302272140930966e+07 2.911226405304986724e-05 4.344043925885090210e-05 6.389534403996948407e-05 9.246043278949475891e-05 1.313311464605651589e-04 1.828201459532190622e-04 2.490830498207171457e-04 3.325124428299034741e-04 4.363742345849723849e-04 5.668824189646621148e-04 7.365956702903535399e-04 9.657293780841183983e-04 1.277214127082958563e-03 1.674480651588100858e-03 2.105906333334888175e-03 2.465434369361044643e-03 2.701479881709188853e-03 2.943870240627635346e-03 3.351062024154834954e-03 3.679451603044164333e-03 3.469585170533030262e-03 3.038438670888457711e-03 2.703878260418031594e-03 2.027240944248790734e-03 1.311994662959139546e-03 7.596132100390071487e-04 3.374840773151537737e-04 1.200856195382243787e-04 2.976741410042262425e-05 4.919891200359338855e-06 4.737867465121307422e-07 2.328875392394847710e-08 4.867182808713274902e-10 3.448269820965777253e-12 6.203683395042772868e-15 1.966109287613396397e-18 6.904911977183124950e-23 6.271030687101017159e-07 9.651128466271227512e-07 1.731700251244978281e+06 2.216199082689629990e-06 3.296316634798184648e-06 4.829916660843238234e-06 6.957990304860514008e-06 9.832627956125431046e-06 1.361044869406621255e-05 1.843425702262989775e-05 2.446822052739177161e-05 3.195636147408577495e-05 4.136406422439646384e-05 5.361286684988899660e-05 7.008008912153483854e-05 9.218227132593817715e-05 1.200778658405485326e-04 1.513491067249893372e-04 1.826282442296257001e-04 2.150970709562764760e-04 2.547472376804218856e-04 3.004181042798922258e-04 3.415561605608415530e-04 3.773004607122717275e-04 3.987174644647127684e-04 3.809536110316377321e-04 3.404184407834851163e-04 2.695883468641056564e-04 1.786481264066863076e-04 9.807017279608171156e-05 4.098626089237868820e-05 1.232117253317619648e-05 2.425593335883340357e-06 2.790209531985125299e-07 1.628387393410423308e-08 4.023159979205171874e-10 3.350821352484493541e-12 7.048210900442541537e-15 2.597373098515037775e-18 1.055430971975851203e-22
3.645145601383055169e-05 5.507322375875100211e-05 8.282081187142094521e-05 1.064994556760660000e+07 1.839253426719406666e-04 2.709855062796892415e-04 3.956450686249137730e-04 5.718094569562475263e-04 8.176874164795784649e-04 1.156902990410220650e-03 1.621828629083344516e-03 2.258343119998074740e-03 3.134968015856113427e-03 4.356173759679513383e-03 6.071744602095607325e-03 8.471591611846364042e-03 1.173796985420155238e-02 1.595925861589038777e-02 2.111262291503194707e-02 2.727547201900800203e-02 3.484757344916236677e-02 4.407193164137063190e-02 5.383578580760262772e-02 6.190318014062385493e-02 6.726921170527076776e-02 6.862921727666948524e-02 6.316334106189760988e-02 5.136288439149169077e-02 3.582006080177064372e-02 2.036389455518444400e-02 8.980602029165141512e-03 2.855099883243233591e-03 6.000888078672164064e-04 7.447754981757198980e-05 4.737133212115511279e-06 1.289852073694893470e-07 1.197100519726697429e-09 2.837193339926682818e-12 1.191085780217999309e-15 5.572015861746759784e-20 1.222686560310884505e-05 1.885536326785814155e-05 2.880494615186030038e-05 7.697509227801416069e+06 6.497458759588886157e-05 9.559982394560913256e-05 1.383884112678493157e-04 1.966468534552734404e-04 2.738676744885054789e-04 3.733215860760601590e-04 4.986512180181894597e-04 6.548313734188489351e-04 8.512948997761469799e-04 1.107063568574099188e-03 1.452780020440150310e-03 1.923354813870620803e-03 2.524548218820341777e-03 3.179172396203540536e-03 3.727448006400914046e-03 4.091133126834942124e-03 4.466578509218648713e-03 5.095130206985012261e-03 5.607732637079545189e-03 5.302032800731811511e-03 4.657163186998617734e-03 4.158416091777135219e-03 3.129682108691414760e-03 2.034174880734504563e-03 1.183432202441961519e-03 5.286416192199022918e-04 1.892568890886253186e-04 4.723749968535694992e-05 7.867930766939732753e-06 7.643076540508127185e-07 3.793897779805835827e-08 8.016859839210688827e-10 5.750626304127165148e-12 1.049122063854818117e-14 3.377585764391687987e-18 1.207353080233930516e-22 9.370701251643841501e-07 1.442439675757065108e-06 2.198701635373945051e-06 1.263546838865086669e+06 4.930355622217658251e-06 7.226491842030599089e-06 1.041424093372997162e-05 1.472274780871582191e-05 2.038868262113099585e-05 2.762896180521052191e-05 3.669368840721260513e-05 4.795431630707332942e-05 6.211696769949886078e-05 8.057724758676662450e-05 1.054238957795926432e-04 1.388171423637524422e-04 1.810366468194184804e-04 2.284835249667457207e-04 2.761125152330220068e-04 3.257439592397152485e-04 3.865145010140112226e-04 4.567714195703970019e-04 5.205546466185229440e-04 5.765702007886895934e-04 6.111337099904415792e-04 5.858857070324057859e-04 5.255426132799885779e-04 4.179817638075126757e-04 2.783231556554132801e-04 1.536190251005016679e-04 6.459501363855870760e-05 1.955229909106804233e-05 3.879028957812447271e-06 4.501135832526216200e-07 2.652754774556947999e-08 6.626648501114411430e-10 5.588112998834709131e-12 1.191942447008987404e-14 4.462035990383542873e-18 1.845465719476383434e-22
5.409548400480893834e-05 8.174926464694431212e-05 1.229680398465401764e-04 1.839253426719406666e-04 7.562079487502416596e+06 4.027322720182328550e-04 5.882359875846650829e-04 8.505397670459973391e-04 1.216894167113054129e-03 1.722711265536503193e-03 2.416584070640586529e-03 3.367468466386760138e-03 4.678461707661573515e-03 6.506930640472958702e-03 9.078952794994670297e-03 1.268221511920765605e-02 1.759521530514768575e-02 2.395837885474022891e-02 3.174758046547777185e-02 4.109179862702283526e-02 5.261043956057612908e-02 6.669493561605427390e-02 8.168879339015795715e-02 9.421292969198800937e-02 1.027267893083874395e-01 1.052035684882113853e-01 9.724065607243208287e-02 7.945602708106194734e-02 5.571356516465830744e-02 3.186750782422509420e-02 1.415069634468225229e-02 4.533701311827871040e-03 9.612301740466250776e-04 1.204734427989419461e-04 7.747628667062039302e-06 2.135897359936903365e-07 2.010173678476686675e-09 4.839653064683709998e-12 2.067977242139828823e-15 9.868581448498992965e-20 1.814517950698499378e-05 2.798841209206463180e-05 4.276808794966274475e-05 6.465142059010525256e-05 5.486919003956070170e+06 1.420782049591260505e-04 2.057527067261165571e-04 2.925029778599382989e-04 4.075738099049029044e-04 5.559025323057912877e-04 7.430085822010465673e-04 9.764344404806771975e-04 1.270427822671954402e-03 1.653649797439695097e-03 2.172311599294740256e-03 2.879317207165814612e-03 3.784297456043566460e-03 4.772641295312903681e-03 5.605057031063763635e-03 6.163487051189732620e-03 6.743329174544414675e-03 7.710562447671064079e-03 8.509003925655447484e-03 8.069376118403184459e-03 7.111952249146093023e-03 6.374547597564947550e-03 4.818179919410406006e-03 3.146775270238337009e-03 1.840678816643609396e-03 8.272725480407828839e-04 2.982112735799861882e-04 7.500988513498058248e-05 1.260295536484283479e-05 1.236329265216500444e-06 6.204957699637933508e-08 1.327531281668868091e-09 9.656463630933211745e-12 1.789580829797618554e-14 5.864204417635710893e-18 2.138339607247549489e-22 1.390651225234481032e-06 2.141120035160097346e-06 3.264517990104529451e-06 4.921651533019890958e-06 9.016249728987824637e+05 1.073984183957938315e-05 1.548365387666438941e-05 2.189939732399402667e-05 3.034273055539096756e-05 4.114149946145168068e-05 5.467493994605164152e-05 7.150580731564983798e-05 9.270010198135764763e-05 1.203603414768012961e-04 1.576381478425511735e-04 2.078132353817612799e-04 2.713739103503879464e-04 3.430043327808046465e-04 4.151973125349859173e-04 4.907488005237584452e-04 5.835326762292157403e-04 6.912413249185622071e-04 7.898738792051231659e-04 8.775052859320319528e-04 9.332620715179607397e-04 8.981199196482962752e-04 8.090786150670291766e-04 6.465986234601192161e-04 4.328963972242810257e-04 2.403987837922551773e-04 1.017820877054081578e-04 3.104769978755738519e-05 6.213479790602935471e-06 7.280950186712160075e-07 4.338606920632644714e-08 1.097322811461255288e-09 9.383570951230989260e-12 2.033202262043486955e-14 7.747039747240680803e-18 3.268499088112107085e-22
7.963324419915062118e-05 1.203723291164999549e-04 1.811165694555791458e-04 2.709855062796892415e-04 4.027322720182328550e-04 5.286552871903666295e+06 8.677306204080749994e-04 1.255307608831387860e-03 1.797042721549060081e-03 2.545654627718743797e-03 3.573596889492342259e-03 4.983833726939166861e-03 6.930492603194318181e-03 9.649137217366137581e-03 1.347894509309692686e-02 1.885327288005816601e-02 2.619565991100511471e-02 3.572859284591512613e-02 4.743332302659693245e-02 6.152400257480298423e-02 7.895738283559275428e-02 1.003631594673894123e-01 1.232963079476436519e-01 1.426815857834019541e-01 1.561691269482169409e-01 1.606213603215920493e-01 1.491816354877335826e-01 1.225607809983038504e-01 8.646458355461074385e-02 4.979783980811924166e-02 2.228432339217856217e-02 7.202028163739901921e-03 1.541996466045895140e-03 1.954045011808226880e-04 1.272328666997376479e-05 3.556914155785287193e-07 3.400548102070285444e-09 8.333107558544403356e-12 3.632270496883085985e-15 1.772595680238288988e-19 2.671127798003816023e-05 4.121175115573545396e-05 6.299205371805679989e-05 9.525385510119566634e-05 1.422716571071641395e-04 3.825245190304645337e+06 3.035141127478141313e-04 4.317037579426457358e-04 6.018827013701847847e-04 8.214585242664509523e-04 1.098746445645457440e-03 1.445117287715578678e-03 1.881962742903601962e-03 2.452199767693474287e-03 3.225093183448869867e-03 4.280368413931744456e-03 5.634041268684948645e-03 7.117332882733755535e-03 8.374385601638155777e-03 9.228177054235599253e-03 1.012034165971706021e-02 1.160292608982741412e-02 1.284299504014615664e-02 1.222073641718405927e-02 1.081185717108623136e-02 9.732450346209980951e-03 7.391804924849509559e-03 4.853895279122035812e-03 2.856638717492124193e-03 1.292739490399459536e-03 4.696190419029916603e-04 1.191572333827217018e-04 2.021754326802808064e-05 2.005290940079327018e-06 1.018988634847569267e-07 2.210740504944148594e-09 1.633553827934152116e-11 3.081371606621002035e-14 1.030010208034455892e-17 3.840887943693230342e-22 2.047159215824758555e-06 3.152708549285487263e-06 4.808227406337649008e-06 7.251291274125595331e-06 1.079575708680469360e-05 6.270431745245498605e+05 2.284056206718921027e-05 3.232121666116611079e-05 4.480848422985646377e-05 6.079489383423519809e-05 8.085222347451704000e-05 1.058281785646924416e-04 1.373223532096143860e-04 1.784825311053700946e-04 2.340353548835133143e-04 3.089333841062369477e-04 4.040199873074917661e-04 5.115146656880523385e-04 6.203366668103200456e-04 7.347653662244356138e-04 8.757617936466378494e-04 1.040186375208851204e-03 1.192189638364867009e-03 1.328945465759646992e-03 1.418780085546238190e-03 1.371220057445038778e-03 1.241246983606772089e-03 9.973772310922499659e-04 6.718329117453880920e-04 3.756597532315666130e-04 1.602850420015373945e-04 4.932093953917253832e-05 9.967606237975396282e-06 1.180949432756978258e-06 7.124933572800414777e-08 1.827373877960104764e-09 1.587389424630776943e-11 3.500848699573353254e-14 1.360718258338563099e-17 5.870881640574118974e-22
1.161546232604813647e-04 1.756272413304041239e-04 2.643394337787847471e-04 3.956450686249137730e-04 5.882359875846650829e-04 8.677306204080749994e-04 3.631716094296454918e+06 1.836348210675695222e-03 2.630538561582638438e-03 3.729086157931197579e-03 5.239198476236655612e-03 7.313476199613510795e-03 1.018065432923047700e-02 1.419083371410379858e-02 1.984937445403742520e-02 2.780486520670487002e-02 3.869787432918105063e-02 5.287959410963691265e-02 7.035132218810884186e-02 9.146705125176898821e-02 1.176991954056320344e-01 1.500587062905887614e-01 1.849723324853256023e-01 2.148714318302551440e-01 2.361931473613919641e-01 2.441012851507478321e-01 2.279498550736364371e-01 1.884204801212680802e-01 1.338443180588764769e-01 7.768397270625461426e-02 3.506716409139810225e-02 1.144484936521000112e-02 2.477569825091267657e-03 3.178808466661059168e-04 2.098899286223612808e-05 5.960572940488683841e-07 5.800173203084767876e-09 1.449902164015643993e-11 6.462974203153229499e-15 3.234484195242877904e-19 3.896159778217873286e-05 6.012931891408239789e-05 9.193683307080215660e-05 1.390728181580419521e-04 2.078038303321037763e-04 3.061229941117473287e-04 2.600891222245413810e+06 6.315252276515389727e-04 8.810450839694043516e-04 1.203340617694765354e-03 1.610856199456196921e-03 2.120622690967819812e-03 2.764538286522548721e-03 3.606411470081761616e-03 4.749339195707924684e-03 6.312700587402843462e-03 8.322959670483231001e-03 1.053390699167047403e-02 1.242057401835322365e-02 1.371942832480562389e-02 1.508606323817817882e-02 1.734819915459672249e-02 1.926739566023398520e-02 1.840382637719427741e-02 1.635205769516437715e-02 1.479070798814754659e-02 1.129469358505982325e-02 7.462201786746018931e-03 4.421982335019621936e-03 2.016656539228342017e-03 7.390041740570613268e-04 1.893545201206565628e-04 3.248410501665352485e-05 3.262174504641593286e-06 1.680976444080975423e-07 3.704694421927405477e-09 2.786284697108624748e-11 5.361370088155385493e-14 1.832718518409795340e-17 7.008530759763904695e-22 2.986026876836490307e-06 4.599906883033738464e-06 7.017602607488966055e-06 1.058705195402434354e-05 1.576842302668310240e-05 2.314016102022464205e-05 4.236357072816297296e+05 4.728164472598693664e-05 6.559134306562285533e-05 8.905740574608343100e-05 1.185362700738781561e-04 1.552964861162540197e-04 2.017217952240817091e-04 2.624914396729899693e-04 3.446453236867553279e-04 4.556159112305066127e-04 5.968437042020959460e-04 7.570599832846011245e-04 9.200600322140529280e-04 1.092367508579483336e-03 1.305469542903050064e-03 1.555242208328988475e-03 1.788553946536894021e-03 2.001326334328692221e-03 2.145789890532886959e-03 2.083885839197570540e-03 1.896628020591830137e-03 1.533331423100375238e-03 1.039975146185455075e-03 5.860242558578071482e-04 2.522285182433377953e-04 7.837663374025723563e-05 1.601523802899838236e-05 1.921149222695020766e-06 1.175365955216057895e-07 3.062259816253597009e-09 2.707543997980264010e-11 6.091230756043900780e-14 2.421154208902738326e-17 1.071269330636405945e-21
1.676919190036113062e-04 2.536331817459329895e-04 3.818845316848028791e-04 5.718094569562475263e-04 8.505397670459973391e-04 1.255307608831387860e-03 1.836348210675695222e-03 2.447265161829671822e+06 3.812922924678230092e-03 5.409686845627833737e-03 7.607388173501662340e-03 1.063030825238708843e-02 1.481513245948041721e-02 2.067803422814530959e-02 2.896618389517754619e-02 4.064330148423584560e-02 5.667215523644197894e-02 7.760456060313256077e-02 1.034910466137375362e-01 1.349136357559868604e-01 1.741288715806308396e-01 2.227554391224913222e-01 2.756309244184683149e-01 3.215593980939732699e-01 3.551767082215357973e-01 3.690663422170037955e-01 3.467578687890225386e-01 2.886025802752769098e-01 2.066004584072675121e-01 1.209603510388719827e-01 5.513994511399682857e-02 1.819545934630654310e-02 3.988100728229092978e-03 5.188801618690319509e-04 3.480299676917468949e-05 1.005982591266924686e-06 9.985805239432928983e-09 2.552721026597172185e-11 1.166912219177085959e-14 6.007907203091861478e-19 5.624868744904508455e-05 8.683613291917289460e-05 1.328188304708586816e-04 2.009961931402608356e-04 3.004668622327266703e-04 4.428546310443724223e-04 6.423163880020235032e-04 1.719470415424557403e+06 1.277060540911011295e-03 1.745654467250083155e-03 2.338985334595935616e-03 3.082374547576408400e-03 4.023022448227294053e-03 5.255047118550223127e-03 6.930708715380607017e-03 9.227485594559091744e-03 1.218878480145846321e-02 1.545925677545761587e-02 1.827141501713011595e-02 2.023611705485474019e-02 2.231892205553941133e-02 2.575262586352838196e-02 2.871072665631218754e-02 2.754169450107095060e-02 2.458949419023860258e-02 2.236265365261929164e-02 1.718151509644611982e-02 1.142981213509068270e-02 6.825718048651261555e-03 3.140100517674179834e-03 1.162017250391698259e-03 3.010430598910352439e-04 5.228909456386924084e-05 5.324880856352460205e-06 2.787318959818642874e-07 6.252516547708083083e-09 4.796976806165294925e-11 9.439314248278976998e-14 3.309036313963778986e-17 1.301802695360354001e-21 4.310913875982003546e-06 6.642984366440025999e-06 1.013815399012199640e-05 1.530102839304549466e-05 2.279981356269440913e-05 3.347585012571162815e-05 4.833668917109905356e-05 2.770379938566216151e+05 9.507358656049534076e-05 1.291932275004349889e-04 1.721162928224762717e-04 2.257270650604664838e-04 2.935503966212011664e-04 3.824868280119940629e-04 5.029407776874781147e-04 6.659890167959147799e-04 8.740640059117700143e-04 1.111039302442553504e-03 1.353463911121711126e-03 1.611238912234169360e-03 1.931363571392031523e-03 2.308687510521904070e-03 2.665159545930326831e-03 2.995024913152447964e-03 3.226743020992059018e-03 3.150709033733665836e-03 2.885155114898023745e-03 2.348595040407078054e-03 1.605292963124262768e-03 9.124880877796151014e-04 3.966065409758629868e-04 1.246061706374447455e-04 2.577944798946599724e-05 3.135911553342562355e-06 1.948938560819744773e-07 5.168261668541555564e-09 4.661413736170348123e-11 1.072431865729727227e-13 4.371477190025312305e-17 1.989834032099382005e-21
2.395075852501058063e-04 3.623840958735877605e-04 5.458465775637986583e-04 8.176874164795784649e-04 1.216894167113054129e-03 1.797042721549060081e-03 2.630538561582638438e-03 3.812922924678230092e-03 1.617041724577949150e+06 7.768475472058528064e-03 1.093579927448045698e-02 1.529919755169837844e-02 2.135009564514700128e-02 2.984328703966241531e-02 4.187476816381161676e-02 5.886600260847392463e-02 8.225490551356161306e-02 1.129043582767190607e-01 1.509686926451239142e-01 1.973995167506855664e-01 2.556412028252231239e-01 3.282784946153738392e-01 4.079466942752574821e-01 4.782239683740509006e-01 5.310944951534896097e-01 5.552446627489713293e-01 5.252806175349582496e-01 4.405797158425280857e-01 3.181528659089932209e-01 1.881055761278485894e-01 8.669862698454570971e-02 2.896651094957498201e-02 6.438160095579580772e-03 8.509127977757729609e-04 5.809142726564466843e-05 1.712874490297038513e-06 1.738764226498831339e-08 4.558291221767047150e-11 2.143627488615715704e-14 1.139436028729752788e-18 8.033772518351702332e-05 1.240690721161043556e-04 1.898445682748497510e-04 2.874245185904048222e-04 4.298874505676030292e-04 6.339710568339900886e-04 9.201076449188720814e-04 1.311274737561439301e-03 1.103598409789109370e+06 2.506813111091979462e-03 3.362346385082760382e-03 4.436170241922087094e-03 5.797579892528243774e-03 7.584274106306652941e-03 1.001933225714932152e-02 1.336469162795876978e-02 1.769100430336918717e-02 2.249117129332226656e-02 2.665362587555919829e-02 2.960856925361874878e-02 3.276674355176353165e-02 3.795208451104638281e-02 4.249322188500520570e-02 4.096007928276683419e-02 3.676858504724604682e-02 3.364366420121791407e-02 2.602714364223574980e-02 1.744871226656568783e-02 1.051121462075492279e-02 4.883173799542285878e-03 1.827083794389630644e-03 4.792496262204732683e-04 8.441250234032499457e-05 8.732284639637420343e-06 4.652453858912240871e-07 1.064608492005959516e-08 8.352668078251531929e-11 1.685540363757911503e-13 6.078727334299961144e-17 2.468947743779606618e-21 6.157103924819351206e-06 9.491312875403566611e-06 1.449096834037355569e-05 2.188046773970611541e-05 3.262041495375192447e-05 4.792254296305917027e-05 6.924151098610206072e-05 9.817379190075915666e-05 1.750209782891574723e+05 1.855254190553293334e-04 2.474212156979912081e-04 3.248676218161088082e-04 4.230356401925335248e-04 5.520188269016010514e-04 7.270729393282813298e-04 9.645897298753953282e-04 1.268630986753903605e-03 1.616415046842318605e-03 1.974380237616398751e-03 2.357491745461401996e-03 2.835463768883678820e-03 3.402352209566865578e-03 3.944561114730904539e-03 4.454208795752051357e-03 4.824937604452729685e-03 4.740108145182649578e-03 4.370531130931195121e-03 3.585357187537114698e-03 2.472059165690400177e-03 1.419011237875984505e-03 6.235995063943013464e-04 1.983685015837106100e-04 4.161685590262130199e-05 5.142588731510619832e-06 3.253071090456995327e-07 8.799937144116959169e-09 8.116620798247745605e-11 1.914998430523950065e-13 8.030440093431540768e-17 3.773840891217180829e-21
3.384026656740732266e-04 5.122230256917091953e-04 7.718946236861193170e-04 1.156902990410220650e-03 1.722711265536503193e-03 2.545654627718743797e-03 3.729086157931197579e-03 5.409686845627833737e-03 7.768475472058528064e-03 1.048365474282655399e+06 1.556412708623176877e-02 2.180290600114343988e-02 3.047113805999680791e-02 4.266377024797108480e-02 5.997626627221668005e-02 8.449053649397000876e-02 1.183414030526240279e-01 1.628719385693937483e-01 2.184381938484523111e-01 2.865877319951387059e-01 3.725601605244762138e-01 4.804734047936189412e-01 5.999637264344577225e-01 7.071476537796713702e-01 7.901384492641868595e-01 8.317654703723484921e-01 7.929889005885520925e-01 6.709350822750694832e-01 4.892669889518001525e-01 2.924819057486794383e-01 1.364887406693068850e-01 4.624271068598717616e-02 1.044073816078378882e-02 1.404532862324244348e-03 9.781344767186960637e-05 2.949406209218387174e-06 3.070370979781779662e-08 8.280654065956512993e-11 4.020383601543309692e-14 2.215135639252635786e-18 1.135099764289459990e-04 1.753692732040940669e-04 2.684637178479722347e-04 4.066618592543328890e-04 6.085754817631354409e-04 8.980706664992496157e-04 1.304356732337469968e-03 1.860406265460723928e-03 2.601891956480656670e-03 6.871725534711054061e+05 4.785382863370659171e-03 6.321991886362686268e-03 8.274382478433773766e-03 1.084242923841017767e-02 1.435045889624572170e-02 1.918237888910356848e-02 2.545232114242164737e-02 3.244498906110913905e-02 3.856541242928735597e-02 4.298618785745393633e-02 4.775280002830941534e-02 5.554724894605890528e-02 6.249441926628756389e-02 6.056748694950932904e-02 5.470264338264901882e-02 5.039875222002249133e-02 3.929182865945606007e-02 2.657170264358370976e-02 1.616452617212626314e-02 7.592757261068243738e-03 2.876358886721373711e-03 7.650835770404034765e-04 1.368914132838975977e-04 1.441367525744032000e-05 7.833729923582557155e-07 1.833154101188396910e-08 1.474943484594999438e-10 3.061975636799071616e-13 1.140068217209438055e-16 4.799790423333824165e-21 8.699433793778966399e-06 1.341579019108446702e-05 2.049202287548052150e-05 3.095752490435025255e-05 4.617949353855606509e-05 6.788611188987329589e-05 9.815767917014148842e-05 1.392867050087982967e-04 1.937035811701253287e-04 1.067040233167159895e+05 3.521366064152130931e-04 4.629692634098538030e-04 6.037620444822633424e-04 7.891625467457500645e-04 1.041369830105990778e-03 1.384478309420891220e-03 1.825198995623905250e-03 2.331784673596891747e-03 2.856751592125110917e-03 3.422643700705501387e-03 4.132279246154488273e-03 4.979734515820235900e-03 5.801232412844556201e-03 6.586418723574269211e-03 7.178324669844191215e-03 7.100758540341233112e-03 6.597964137282326565e-03 5.459947049549404227e-03 3.801622031762601824e-03 2.206394513529339688e-03 9.817261734136972871e-04 3.166793972500479555e-04 6.748988672286542606e-05 8.488454856602540121e-06 5.477470839616768164e-07 1.515265093888412574e-08 1.433261426307004470e-10 3.478812293583835761e-13 1.506112878112837596e-16 7.336585156363172939e-21
4.736658536170824138e-04 7.172901318551577450e-04 1.081473743213247135e-03 1.621828629083344516e-03 2.416584070640586529e-03 3.573596889492342259e-03 5.239198476236655612e-03 7.607388173501662340e-03 1.093579927448045698e-02 1.556412708623176877e-02 6.694788690438886406e+05 3.081424752497780375e-02 4.313696491597003579e-02 6.051103436251509260e-02 8.524546475458166794e-02 1.203736164271592135e-01 1.690521145165497507e-01 2.333653017298525645e-01 3.140424969664178390e-01 4.135913905582061512e-01 5.399725304105172929e-01 6.997441295824481378e-01 8.785208926682354091e-01 1.041813150294504942e+00 1.172109065136727857e+00 1.243440344547117160e+00 1.195835510436450644e+00 1.021736505762640634e+00 7.533409635895332856e-01 4.559654597229310102e-01 2.157705944387967867e-01 7.426104406532141322e-02 1.706578965192644126e-02 2.341891441613234287e-03 1.667846009216922970e-04 5.157426897199025220e-06 5.523339782967705008e-08 1.537910817388175509e-10 7.739737014993074948e-14 4.440230288490101997e-18 1.588811357977162918e-04 2.455778885184619004e-04 3.761348414003891686e-04 5.700874240640324163e-04 8.536972181192549122e-04 1.260714044002915046e-03 1.832562594456842945e-03 2.616201829355940551e-03 3.662722277015555659e-03 5.022395704639956437e-03 4.165687937268525129e+05 8.934929262505861974e-03 1.171376487385296719e-02 1.537807381779104400e-02 2.039659375426430138e-02 2.732912364359509072e-02 3.635894621400855703e-02 4.648765605894440017e-02 5.544441749154729177e-02 6.203586276003685007e-02 6.921083625574517284e-02 8.089700902624392953e-02 9.150995398819279647e-02 8.923172416258902395e-02 8.114712586819901319e-02 7.534316349674342883e-02 5.925248631612500816e-02 4.046483680531181432e-02 2.488906874458575100e-02 1.183674951189090871e-02 4.547141865063397854e-03 1.228645647831106249e-03 2.237543005371709411e-04 2.403308860408801358e-05 1.335752445222098770e-06 3.205512431156511299e-08 2.653299578369379292e-10 5.686803743888059900e-13 2.194772702029188802e-16 9.621160184701865729e-21 1.217669111946156297e-05 1.878676559318888780e-05 2.871063485236700395e-05 4.339845310420792856e-05 6.477964747085461158e-05 9.529870849243249527e-05 1.379071282773563947e-04 1.958723420869238490e-04 2.726794324116215470e-04 3.716998541463369587e-04 6.301927075661494746e+04 6.543187168912121708e-04 8.547256121233453652e-04 1.119287904144218321e-03 1.480119731793100085e-03 1.972465413115777333e-03 2.607318670089591416e-03 3.341015270663943645e-03 4.107072061885737660e-03 4.939415786241976858e-03 5.989146230149082831e-03 7.252305662622561544e-03 8.494686684137163143e-03 9.703514680264476583e-03 1.064848752247695741e-02 1.061521541883101750e-02 9.949798548368625831e-03 8.314704905784798747e-03 5.853486274941337685e-03 3.439664707176848593e-03 1.551978859024184983e-03 5.085545878453773391e-04 1.103148257056089904e-04 1.415348854728939490e-05 9.339797438797588827e-07 2.649641452296901156e-08 2.578317052709101019e-10 6.460966748944307135e-13 2.899454068764216227e-16 1.470615480520258653e-20
6.584205638685000162e-04 9.975814607853003124e-04 1.504941257280071037e-03 2.258343119998074740e-03 3.367468466386760138e-03 4.983833726939166861e-03 7.313476199613510795e-03 1.063030825238708843e-02 1.529919755169837844e-02 2.180290600114343988e-02 3.081424752497780375e-02 4.237557208914436051e+05 6.073240503561794235e-02 8.537328319640914709e-02 1.205563451500414329e-01 1.706910506061405375e-01 2.404396982646827274e-01 3.330363801033733306e-01 4.498812216180889667e-01 5.950347021725709284e-01 7.806154214575483641e-01 1.017095923600086049e+00 1.284775878427008911e+00 1.534087791843524506e+00 1.739352643734156434e+00 1.861336274732709795e+00 1.807696032824156473e+00 1.561637138983400286e+00 1.165789325457014636e+00 7.155218926717392680e-01 3.439581264771768843e-01 1.204902164449194318e-01 2.824598945023619814e-02 3.963872643015911579e-03 2.895009482130875733e-04 9.209573936625082565e-06 1.018272043404797441e-07 2.938904086587077376e-10 1.540021998109794687e-13 9.245957015058133784e-18 2.208531736479544898e-04 3.415409440127171038e-04 5.234161667596999796e-04 7.938280215586644706e-04 1.189612435497284983e-03 1.758225498517314430e-03 2.558101774470114467e-03 3.655792403677397221e-03 5.124153277377131027e-03 7.035590293122135491e-03 9.474220509554549807e-03 2.476184362031723140e+05 1.649177484314521755e-02 2.169648337518504527e-02 2.884539140707900740e-02 3.875298396217214530e-02 5.171265725908572031e-02 6.634268496043942143e-02 7.942683717633274021e-02 8.925111103404859136e-02 1.000551751625837621e-01 1.175858640802463911e-01 1.338269613178051098e-01 1.313952493729610704e-01 1.204183741159068760e-01 1.127830248428069171e-01 8.956958002487656889e-02 6.184705315086129473e-02 3.851564174175622912e-02 1.857476971825006498e-02 7.248561375107938354e-03 1.993505234198696043e-03 3.703410004062993944e-04 4.067827430092077582e-05 2.318568964597095325e-06 5.724056652269690820e-08 4.891570842269641856e-10 1.086732115644706189e-12 4.367071174935585827e-16 2.003428374724950379e-20 1.692624404251397719e-05 2.612796165954897509e-05 3.995272116699963890e-05 6.043092113982559193e-05 9.026932800394087478e-05 1.329061257342318279e-04 1.925066410421546375e-04 2.737054199171473959e-04 3.814788841713244081e-04 5.206933184039814816e-04 6.971688481188799934e-04 3.635488947543554241e+04 1.203365655671655718e-03 1.579171207789082038e-03 2.093223677800939032e-03 2.796976643571567629e-03 3.708341159227813641e-03 4.767973744871754557e-03 5.883581408003715589e-03 7.106346670577895659e-03 8.658255087651126058e-03 1.054141108773118743e-02 1.242289015281963782e-02 1.428859234955912570e-02 1.580183574625790288e-02 1.589017568057801699e-02 1.504070685835461399e-02 1.270831756262749516e-02 9.058224822291563103e-03 5.397679471008378846e-03 2.473996709656198396e-03 8.251412720463089214e-04 1.825846601088006410e-04 2.395611729004510016e-05 1.621180972168754210e-06 4.731442509389250620e-08 4.753334534847105179e-10 1.234672476914046706e-12 5.769218049342001114e-16 3.062284303995663319e-20
9.122176231956461269e-04 1.382908660467477334e-03 2.087594149421868883e-03 3.134968015856113427e-03 4.678461707661573515e-03 6.930492603194318181e-03 1.018065432923047700e-02 1.481513245948041721e-02 2.135009564514700128e-02 3.047113805999680791e-02 4.313696491597003579e-02 6.073240503561794235e-02 2.682282605956451735e+05 1.202769293309929877e-01 1.702985987898614217e-01 2.418454252943918470e-01 3.418244527703851454e-01 4.752724929925363773e-01 6.447780264682416718e-01 8.569378242532097456e-01 1.130319799458936680e+00 1.481763019988002084e+00 1.884643935451060681e+00 2.267834662800474188e+00 2.593755809548442315e+00 2.802982321982161018e+00 2.752378656825754444e+00 2.407410654962903074e+00 1.822437376302808554e+00 1.136260216904734222e+00 5.559527293880848209e-01 1.986660912224270381e-01 4.762678696577635207e-02 6.854176618083016211e-03 5.149890641060041272e-04 1.691387656065712356e-05 1.938472479835768269e-07 5.825426019920530966e-10 3.194588013767580159e-13 2.018646585054390516e-17 3.059839989757507143e-04 4.734650231045913816e-04 7.260619124863436054e-04 1.101969596931254812e-03 1.652741898546661878e-03 2.444979002079501838e-03 3.560981015600709482e-03 5.094965020669162473e-03 7.150777823654581693e-03 9.832746292813207556e-03 1.326299197783551223e-02 1.761002739058421460e-02 1.460881439194602717e+05 3.056678037840714415e-02 4.074716873721495602e-02 5.490757631684003992e-02 7.351802092776919817e-02 9.467690365592920654e-02 1.138360012871250937e-01 1.285347772532397237e-01 1.448784413116424030e-01 1.713057549682523439e-01 1.963114153078910906e-01 1.942409701971654357e-01 1.795701743201240652e-01 1.698397163078225469e-01 1.363776851222961162e-01 9.534305442451644630e-02 6.021014564955657483e-02 2.949703158656115029e-02 1.171612812845027052e-02 3.286921580813571223e-03 6.244480110041187269e-04 7.033931250757877998e-05 4.124468912841736401e-06 1.051253709551918173e-07 9.312025722714734505e-10 2.154094640942065352e-12 9.058957110899982724e-16 4.374034878653566272e-20 2.345069239540843446e-05 3.622018439567707443e-05 5.542081231293530171e-05 8.388849473955835604e-05 1.254121897972586502e-04 1.848185496922680269e-04 2.679770214655241003e-04 3.814547946001171875e-04 5.323554151215983184e-04 7.277065722878183190e-04 9.759689285754523337e-04 1.289609597132342859e-03 2.077910849493083515e+04 2.224792776492109068e-03 2.956900019153722164e-03 3.962926020438424686e-03 5.272014965030989361e-03 6.804322000932070194e-03 8.432456894229566763e-03 1.023418841294392208e-02 1.253702769036360229e-02 1.535732546543287780e-02 1.822319750893140744e-02 2.112275789250335836e-02 2.356399860375352553e-02 2.392898163027904271e-02 2.290081949000711756e-02 1.959106782439734920e-02 1.416040370126609403e-02 8.571601385401540416e-03 3.998815894590500818e-03 1.360505409156426322e-03 3.078639084511806717e-04 4.142399965316502112e-05 2.883895464788344674e-06 8.689547975656088373e-08 9.048866894591848740e-10 2.447338518436440491e-12 1.196753997790982232e-15 6.685808448664565198e-20
