1.581144963300267793e+07 4.211285156959816153e-05 6.404793749154521500e-05 9.647708675628018386e-05 1.437178589179752297e-04 2.113472182570597720e-04 3.062844431633177664e-04 4.365620793813471839e-04 6.112640302094648473e-04 8.400253566662099075e-04 1.134611995451634530e-03 1.511350519222069916e-03 1.997951937797557906e-03 2.644331794071668861e-03 3.527438862114466115e-03 4.737604351197374428e-03 6.314165758257063964e-03 8.141325663594722178e-03 9.947359143725291453e-03 1.161448472505872964e-02 1.353314808546334826e-02 1.613424506542054937e-02 1.860840292482694031e-02 1.942223313660841263e-02 1.919305944306845535e-02 1.849133231839453217e-02 1.576778185965440476e-02 1.189464478559073592e-02 7.837691940389881345e-03 4.176281798613881192e-03 1.748382468046042176e-03 5.270688725739181794e-04 1.056309832314589414e-04 1.251687391639765084e-05 7.612633664355309044e-07 1.982518135496370365e-08 1.758647314408722462e-10 3.977233894547972043e-13 1.589007193928020487e-16 7.048619152517234596e-21 2.022485260765657201e+07 2.649823831527329688e-05 4.045584250062279224e-05 6.109643770815230163e-05 9.112132191076781460e-05 1.339542670539486285e-04 1.937210869343358667e-04 2.749726362675490197e-04 3.824793386035555353e-04 5.206490361426153578e-04 6.943414787110292708e-04 9.101810637478478534e-04 1.180867899812474905e-03 1.532202847646002087e-03 2.005722398979054369e-03 2.648168380273647864e-03 3.465223651393047489e-03 4.348313347160507290e-03 5.077763897645542861e-03 5.549151935672568502e-03 6.030191173895672885e-03 6.838039142550758273e-03 7.468835355311583164e-03 7.016141059961390064e-03 6.128561919163800879e-03 5.404981926467707781e-03 4.026541124952265349e-03 2.597120284118686982e-03 1.483354468903262885e-03 6.565764465899113968e-04 2.301394833068419487e-04 5.660976861366515892e-05 9.215607632885636539e-06 8.751658342157084244e-07 4.231221160021006078e-08 8.681415194501082282e-10 6.023572977206589154e-12 1.058597573315806508e-14 3.267679882357261885e-18 1.114049835326311844e-22 4.743114542986013927e+06 2.224169236924208685e-06 3.386341090389494400e-06 5.096795243693707974e-06 7.570510180121931091e-06 1.107456353985156945e-05 1.592306942147632558e-05 2.244971527110162997e-05 3.099110239727378790e-05 4.184298689550119645e-05 5.533881704222131200e-05 7.198096722992920488e-05 9.274459028289908970e-05 1.195835403885505815e-04 1.553594205937986275e-04 2.028910237385737620e-04 2.622989163544896317e-04 3.288335190388616959e-04 3.971252923961395985e-04 4.717067487594377119e-04 5.635688256127452389e-04 6.652634301915912561e-04 7.595086260057387758e-04 8.555308277294535173e-04 9.198452384729745215e-04 8.891102014235243746e-04 8.060781282484782463e-04 6.442143743970805535e-04 4.325785566293397660e-04 2.381381894577074866e-04 1.001830018299464857e-04 3.006068674608826339e-05 5.901813708724222636e-06 6.740603635868728477e-07 3.892854903638087494e-08 9.491679738875964660e-10 7.779396749893177675e-12 1.605624067260174199e-14 5.786427245889133799e-18 2.290862124013043437e-22
4.211285156959816153e-05 1.197009492165738903e+07 9.824666468645335991e-05 1.480209695167058592e-04 2.205499823400022081e-04 3.244159781147682602e-04 4.702770255569647582e-04 6.705225522482741304e-04 9.391871514771840592e-04 1.291192998343545888e-03 1.744791729449828976e-03 2.325324822444250431e-03 3.075767614980323694e-03 4.073482226940283203e-03 5.437835167372988103e-03 7.309399292083702988e-03 9.750792051026583446e-03 1.258549562824051206e-02 1.539539496511394684e-02 1.799925276643652913e-02 2.100373270831576433e-02 2.508245396748452760e-02 2.898310501017686142e-02 3.031457501531437115e-02 3.002810413633121359e-02 2.900765097907997275e-02 2.480967553922691637e-02 1.877897078425156893e-02 1.242117121388521678e-02 6.646997487066408881e-03 2.796190896245920408e-03 8.475297138085882698e-04 1.708958501367930304e-04 2.039018522882441825e-05 1.249739402095867051e-06 3.283083816079393126e-08 2.941017624003365661e-10 6.724922205270375662e-13 2.720315456687339285e-16 1.223657682802213673e-20 2.636373497005135318e-05 1.537441335802072473e+07 6.205744866165812431e-05 9.373784229641490796e-05 1.398351331527102851e-04 2.056185310946338698e-04 2.974443481694032001e-04 4.223347894297917854e-04 5.876669700307002222e-04 8.002834494539996747e-04 1.067749393030818176e-03 1.400381045649808174e-03 1.817899207233612422e-03 2.360294227050435505e-03 3.091984928299542582e-03 4.085718994073135775e-03 5.351249322342706977e-03 6.721961616843718720e-03 7.858787404208799135e-03 8.599657298100759489e-03 9.358984531662508169e-03 1.063048201669397966e-02 1.163291875617694648e-02 1.095092067859751266e-02 9.588314779125342927e-03 8.478882244479781990e-03 6.335525170539681172e-03 4.100269223485666741e-03 2.350819599604301625e-03 1.045011376387159274e-03 3.680624462040677273e-04 9.102882656987365951e-05 1.490953745548466903e-05 1.425658961237875716e-06 6.946247561365942830e-08 1.437657150036417348e-09 1.007332973489976633e-11 1.789934038577809395e-14 5.594134580038527964e-18 1.934018011931804964e-22 2.217879128645712345e-06 3.613063498602650594e+06 5.194495414709861547e-06 7.819810887382206964e-06 1.161773421272328204e-05 1.699935013388843643e-05 2.444869105309419754e-05 3.448087017122011588e-05 4.761681326424399991e-05 6.431635816765001064e-05 8.509932089548480556e-05 1.107480546137336514e-04 1.427766113188973891e-04 1.842134287003751052e-04 2.394992383741093023e-04 3.130298343528949753e-04 4.050609829552906231e-04 5.083364782701996687e-04 6.146255140422397008e-04 7.310155554500638803e-04 8.746707640496673110e-04 1.034224985202088784e-03 1.182955805105138881e-03 1.335328088830026226e-03 1.439124840524070225e-03 1.394761500185527549e-03 1.268316431512987253e-03 1.017069709408464700e-03 6.855503324466064247e-04 3.790223033860637392e-04 1.602228361329620333e-04 4.833775349013571116e-05 9.548291990157546094e-06 1.098054974488442243e-06 6.390763531021211058e-08 1.571838339340599192e-09 1.300962549915395660e-11 2.714876024273065677e-14 9.906127257408754546e-18 3.976993192046779881e-22
6.404793749154521500e-05 9.824666468645335991e-05 8.914444560310918838e+06 2.252548444432840786e-04 3.357123621688666744e-04 4.939530445536052632e-04 7.162683304351845793e-04 1.021624497141208031e-03 1.431546685991577248e-03 1.968983116718851702e-03 2.662052576625191427e-03 3.549823151273643913e-03 4.698486740367180739e-03 6.227116290891508352e-03 8.319621021696952529e-03 1.119335323818663151e-02 1.494753906013964080e-02 1.931558948337549347e-02 2.365919536670038625e-02 2.770171974861784445e-02 3.237967342084093619e-02 3.874007344072701031e-02 4.485923243090885609e-02 4.703160457248455745e-02 4.671182956791179730e-02 4.526032306215842932e-02 3.884150063766098754e-02 2.951214333505978310e-02 1.960436925398935382e-02 1.054169618899986755e-02 4.458707561508201168e-03 1.359720779121710533e-03 2.760650428873512026e-04 3.319405498949048761e-05 2.052290669616639305e-06 5.444468014955175275e-08 4.931265283074282855e-10 1.141656036035083268e-12 4.683060533052095859e-16 2.139896553257102014e-20 4.009566644079964897e-05 6.181874267620931888e-05 1.148147854759281874e+07 1.426480528662189373e-04 2.128514469455926089e-04 3.130730491175244220e-04 4.530307777811556609e-04 6.434795748923442023e-04 8.957455413343116696e-04 1.220378829954895435e-03 1.629079835106707168e-03 2.137811031160428716e-03 2.776989808628887481e-03 3.608172520149408556e-03 4.730585245135027553e-03 6.256724267637047907e-03 8.203231885951470237e-03 1.031653062773437053e-02 1.207715599131197956e-02 1.323528812542515941e-02 1.442795273079982253e-02 1.641887410900544353e-02 1.800510353014230999e-02 1.698982653724335351e-02 1.491561784162358933e-02 1.322950796215507235e-02 9.918763530879384435e-03 6.443789408167290879e-03 3.710305146477632220e-03 1.657318581112314807e-03 5.868994188488880744e-04 1.460406460912325752e-04 2.408485691012569055e-05 2.320891224111666913e-06 1.140695334973931273e-07 2.384123832449730265e-09 1.689016101136231624e-11 3.038680503464428264e-14 9.630379742892972866e-18 3.382153796634124495e-22 3.373093450120380857e-06 5.188848560038334332e-06 2.701329371262242552e+06 1.190000505174625910e-05 1.768405036455988259e-05 2.588306779111963763e-05 3.723724989794170487e-05 5.253589388089773151e-05 7.257945460464942727e-05 9.807815216114665715e-05 1.298371964029838258e-04 1.690671360971871353e-04 2.181029580548105810e-04 2.816063453706837126e-04 3.664220846951939830e-04 4.793627177814433816e-04 6.209408253994419926e-04 7.801694127690625728e-04 9.445386199597492023e-04 1.125068263206963287e-03 1.348405737398887180e-03 1.597369696477982234e-03 1.830945628429771601e-03 2.071697281477922516e-03 2.238707910839221257e-03 2.176231234255560521e-03 1.985649244202194845e-03 1.598378707260259815e-03 1.082006006362310358e-03 6.011041795826243617e-04 2.554856937526836752e-04 7.754990387445515358e-05 1.542430454369639992e-05 1.787570676558996616e-06 1.049475142133273174e-07 2.606641816851258259e-09 2.181350905420566237e-11 4.608907739883157508e-14 1.705353453788595586e-17 6.954848683251751047e-22
9.647708675628018386e-05 1.480209695167058592e-04 2.252548444432840786e-04 6.513558894356428646e+06 5.061771347706241469e-04 7.450053850167967376e-04 1.080700660021396238e-03 1.542042807690753884e-03 2.161763124612360067e-03 2.974861735596245893e-03 4.024310456498151473e-03 5.369859982001611368e-03 7.112641420814077436e-03 9.434442443902762987e-03 1.261635279287353154e-02 1.699189322307253017e-02 2.271742480060582117e-02 2.939468839160891758e-02 3.605819512099893431e-02 4.228968703879796426e-02 4.952387725827085002e-02 5.937711962054023629e-02 6.891946673700863335e-02 7.245035515166865780e-02 7.217449012253221441e-02 7.016884436078940634e-02 6.044727457015015848e-02 4.612568575472462268e-02 3.078857676839822852e-02 1.664579054505323577e-02 7.083624779802478837e-03 2.175110841791518066e-03 4.450433475603653090e-04 5.397982544056606388e-05 3.370265461673072830e-06 9.039989974809515109e-08 8.290068851805682482e-10 1.946245126383261791e-12 8.109878877562821488e-16 3.771853295762260016e-20 6.039715315220798165e-05 9.313771876571362736e-05 1.422820916052566689e-04 8.400450405566556379e+06 3.209310936619814308e-04 4.721928735290379167e-04 6.835296770145342718e-04 9.712698287240579924e-04 1.352655627120668246e-03 1.843823978650662972e-03 2.462732356399007557e-03 3.233892342268137373e-03 4.203849841340364518e-03 5.466590694446090380e-03 7.173732098341678923e-03 9.497921527143604256e-03 1.246735684993041486e-02 1.569981611722194928e-02 1.840639296864654204e-02 2.020510631728831760e-02 2.206718242156090887e-02 2.516529695011109416e-02 2.766213478470119086e-02 2.617216609506587896e-02 2.304613462028119383e-02 2.051022225120665426e-02 1.543612406071969735e-02 1.007125107574452158e-02 5.827018118079139997e-03 2.616977142293999432e-03 9.324171207145473539e-04 2.336175173115040817e-04 3.882710115227649571e-05 3.774209061946621947e-06 1.873246390810891166e-07 3.958597145735539712e-09 2.839445652678107311e-11 5.180209216991991919e-14 1.667738708662294143e-17 5.961497496312173096e-22 5.080979063022334673e-06 7.817653627056311751e-06 1.190966899829179106e-05 1.976773580565202283e+06 2.666348622625269320e-05 3.903817396765996080e-05 5.618330286589268477e-05 7.929782178416726888e-05 1.096014472347645182e-04 1.481825514321272403e-04 1.962790636499510551e-04 2.557498809691888687e-04 3.301676091016252828e-04 4.266499504953290105e-04 5.556635668329777678e-04 7.276890081406656640e-04 9.437123027331397514e-04 1.187270872615557539e-03 1.439539989841067498e-03 1.717539025737937087e-03 2.062351876295001000e-03 2.448297153879099020e-03 2.812972703672281857e-03 3.191368977822071993e-03 3.459029618251007864e-03 3.373896173031088516e-03 3.090176308685718513e-03 2.498168741290452029e-03 1.699285733662403647e-03 9.491692882905712440e-04 4.058944808973671890e-04 1.240546142173198972e-04 2.486545944434645939e-05 2.906928759197381013e-06 1.723444869082268300e-07 4.328065814240739183e-09 3.667121551532386492e-11 7.857063724596327607e-14 2.953241764877498672e-17 1.225884909601008837e-21
1.437178589179752297e-04 2.205499823400022081e-04 3.357123621688666744e-04 5.061771347706241469e-04 4.655975478513622656e+06 1.111399528178575423e-03 1.612841454448466980e-03 2.302396664201801155e-03 3.229341893023409283e-03 4.446545726856798372e-03 6.019062462351711107e-03 8.037426224756028317e-03 1.065470197751657022e-02 1.414580442344139620e-02 1.893636057239440201e-02 2.553361474055351049e-02 3.418228744644337402e-02 4.429492835113127414e-02 5.442680655786881483e-02 6.395253652925589338e-02 7.505064930289083447e-02 9.019663287424245501e-02 1.049720697290689037e-01 1.106823813237206161e-01 1.106347420965089617e-01 1.079707645553233258e-01 9.341141214113835023e-02 7.162435177478830572e-02 4.806895406630404960e-02 2.614761695694281518e-02 1.120387709580251794e-02 3.466996623161932179e-03 7.155740937273446416e-04 8.764715906530669883e-05 5.532962626794282235e-06 1.502618905527505639e-07 1.397338185400019101e-09 3.332447095146151769e-12 1.413375342363742573e-15 6.705599416028264272e-20 8.997109912433518756e-05 1.387744067346342370e-04 2.120525184938010710e-04 3.205488559364210593e-04 6.003404144738744013e+06 7.044176423471443758e-04 1.020102086745265863e-03 1.450185690397896073e-03 2.020659633685774597e-03 2.755976029152147535e-03 3.683448392328836276e-03 4.840381538234272626e-03 6.297346452281208685e-03 8.196491025986919407e-03 1.076732554123649085e-02 1.427246899014127969e-02 1.875929068907235958e-02 2.365809158353926467e-02 2.778289889915290176e-02 3.055515162948362756e-02 3.344157325135311415e-02 3.822726775374376412e-02 4.213253060350928558e-02 3.998320866388624384e-02 3.532692999573047721e-02 3.155965297470197939e-02 2.385401420909832523e-02 1.563872315518807787e-02 9.097486654497272465e-03 4.110812022809787192e-03 1.474765695141625746e-03 3.723723536605367743e-04 6.242912712077250772e-05 6.128191399254895796e-06 3.075307387207631305e-07 6.579944144987598582e-09 4.786046903568227361e-11 8.869783627663577480e-14 2.906505514959309853e-17 1.059834807860579130e-21 7.568920835983841421e-06 1.164823723974413010e-05 1.774977635640840633e-05 2.674086977235025416e-05 1.411423595061818836e+06 5.823717385295441043e-05 8.384815820150516021e-05 1.183981660196231254e-04 1.637277188520306487e-04 2.214894504107771498e-04 2.935697821854925177e-04 3.827978396400903531e-04 4.945894597346889342e-04 6.397099556082766697e-04 8.340164412995517296e-04 1.093493852678499275e-03 1.419978077704869357e-03 1.789101402786216462e-03 2.172864290530404034e-03 2.597346657665170963e-03 3.125378221090827774e-03 3.719078341400295848e-03 4.284472599340236401e-03 4.875453231506479863e-03 5.302272992433848010e-03 5.191508462921305515e-03 4.775363898738406963e-03 3.879177377880822699e-03 2.653025779378804377e-03 1.490978449497034871e-03 6.419865562056875077e-04 1.977356373364666867e-04 3.998055179240449312e-05 4.719986499945519123e-06 2.829378325955012079e-07 7.194071602919525129e-09 6.181141635926763090e-11 1.345321246048075185e-13 5.146857497545043179e-17 2.179377745993998053e-21
2.113472182570597720e-04 3.244159781147682602e-04 4.939530445536052632e-04 7.450053850167967376e-04 1.111399528178575423e-03 3.245010162927007303e+06 2.376716654182219751e-03 3.394595914254858703e-03 4.764002913517787277e-03 6.563902939769918066e-03 8.891702072217788633e-03 1.188309054160474956e-02 1.576720561554522185e-02 2.095522622747406777e-02 2.808465285907406350e-02 3.791895312568312887e-02 5.083797923609157526e-02 6.598798802114910766e-02 8.123406218713982718e-02 9.565322220657361540e-02 1.125194673345704111e-01 1.355889169249966941e-01 1.582755205415988520e-01 1.674512185633712791e-01 1.680178391692654649e-01 1.646764152631975675e-01 1.431593839094156828e-01 1.103666289975402115e-01 7.452369430247028637e-02 4.081754840089514558e-02 1.762553775514536306e-02 5.501837116356211865e-03 1.146734798647593536e-03 1.420147603570209296e-04 9.076964798045514547e-06 2.499736623492146413e-07 2.361398414241648884e-09 5.732029547158536353e-12 2.479946648696759391e-15 1.203219777570217138e-19 1.323088283294773370e-04 2.041289435639525652e-04 3.120051535742537560e-04 4.717925947836915492e-04 7.046597753479961514e-04 4.175783833729521837e+06 1.503243615078455860e-03 2.138117421761554643e-03 2.980925743075860980e-03 4.068317357094794820e-03 5.441399870467700066e-03 7.156357080776301789e-03 9.319036473752709965e-03 1.214206831789571735e-02 1.596909812158441716e-02 2.119547459785951771e-02 2.789995935845704725e-02 3.524443818132886458e-02 4.146702479251943019e-02 4.570105998897356497e-02 5.013718127722223417e-02 5.746549141095640134e-02 6.352688129534535266e-02 6.049053998268487387e-02 5.365000478049505861e-02 4.813460884739279716e-02 3.655790978495476046e-02 2.409785378429675148e-02 1.410428680069440548e-02 6.417153386647997566e-03 2.320048516905838347e-03 5.909241511190169811e-04 1.000450591296306844e-04 9.929513315299552025e-06 5.045119365468445676e-07 1.094630667779597531e-08 8.088066072091763308e-11 1.525661484760671681e-13 5.099833282210298358e-17 1.901715451011076062e-21 1.113063036101916594e-05 1.713386796657687732e-05 2.611627410665134634e-05 3.935794529609004438e-05 5.854429996108345870e-05 9.796521810309424764e+05 1.235603868380047334e-04 1.745632874102592228e-04 2.415350729260926251e-04 3.269583501409350406e-04 4.336780116382749290e-04 5.659549786675605347e-04 7.319110119995974077e-04 9.476496661812033612e-04 1.236935795720143843e-03 1.623904118717811639e-03 2.111877859056986856e-03 2.665298406169850330e-03 3.243081930840255225e-03 3.884827568637465225e-03 4.685714193316933319e-03 5.590738680597498976e-03 6.460072023510894483e-03 7.376066316071584403e-03 8.052411331127436872e-03 7.918060106394633757e-03 7.318572088961939996e-03 5.977460456834816048e-03 4.113118040519096567e-03 2.327481128672322964e-03 1.009950233115136913e-03 3.137901148954511067e-04 6.407036030422836247e-05 7.647797815998627367e-06 4.641666535153602976e-07 1.196796086598525537e-08 1.044567321625295594e-10 2.314041577434106587e-13 9.030815537654772192e-17 3.910568234225887577e-21
3.062844431633177664e-04 4.702770255569647582e-04 7.162683304351845793e-04 1.080700660021396238e-03 1.612841454448466980e-03 2.376716654182219751e-03 2.198049813531263731e+06 4.933774204933009076e-03 6.928585811638695614e-03 9.553255588047407723e-03 1.295181114864943361e-02 1.732511096125871619e-02 2.301190802689211806e-02 3.061949991177023017e-02 4.109096036549925862e-02 5.556184904843017996e-02 7.461606752742711013e-02 9.703388029476077425e-02 1.197052491941024976e-01 1.412882389677688755e-01 1.666459363899849555e-01 2.014175810374758957e-01 2.359156558149130833e-01 2.505447885230345229e-01 2.524723468025569240e-01 2.486477202641792228e-01 2.173352084759310188e-01 1.685779138343255212e-01 1.146152409822755597e-01 6.326363624994284229e-02 2.755686955153019771e-02 8.686589634482034389e-03 1.830593126396648507e-03 2.295353576399507527e-04 1.487713313691581897e-05 4.161933982629786511e-07 4.001728481335396085e-09 9.908922734087962483e-12 4.384124595387570414e-15 2.181356355949981366e-19 1.917419881116950249e-04 2.959075966824924620e-04 4.524304747220794396e-04 6.843797089660597294e-04 1.022588608460325800e-03 1.506390006130386159e-03 2.817186567085301038e+06 3.107583008129737468e-03 4.335345755230263741e-03 5.921122826197435136e-03 7.926039686685639948e-03 1.043370662444649197e-02 1.360093953628795267e-02 1.774182992599124611e-02 2.336456075421214709e-02 3.105728568541252232e-02 4.094940992511312411e-02 5.182616864219415087e-02 6.110516207710202374e-02 6.750449316655314502e-02 7.425521751763650147e-02 8.536509130408756474e-02 9.468922175320580725e-02 9.050749034633252810e-02 8.061728849669505537e-02 7.267926458432560910e-02 5.549982633052427672e-02 3.680791880426004942e-02 2.169197656766100671e-02 9.946027469010965127e-03 3.627309147769488921e-03 9.329821107599667969e-04 1.597071945393453067e-04 1.604885565618784042e-05 8.268943877348500445e-07 1.822504231784303821e-08 1.370638862311863543e-10 2.637401228743054321e-13 9.015639322992628131e-17 3.447681931100247198e-21 1.613051238760553635e-05 2.483744638729534199e-05 3.787052283170761694e-05 5.709241612745061440e-05 8.495835341377767609e-05 1.245396074764054770e-04 6.586051973535125144e+05 2.537138046199812944e-04 3.512794827518518083e-04 4.758627167713933427e-04 6.317030935630239255e-04 8.251416388827877580e-04 1.068208869896307076e-03 1.384693181311557122e-03 1.809774185625432014e-03 2.379472745839356519e-03 3.099651546126032126e-03 3.919262493822558112e-03 4.778955037282156190e-03 5.738232682646689405e-03 6.939734500158212076e-03 8.305052409862555621e-03 9.628981934939148668e-03 1.103625874536500601e-02 1.209997221867100542e-02 1.195561362702170574e-02 1.111057722703750333e-02 9.130185663846322394e-03 6.325854076547230906e-03 3.607392537561200478e-03 1.579019444065853399e-03 4.954283272673451824e-04 1.022788889959559775e-04 1.236096869395938058e-05 7.607685229264744081e-07 1.992604443317024049e-08 1.770169225324303046e-10 4.000268841187011182e-13 1.596494849429389148e-16 7.089596624093827543e-21
4.365620793813471839e-04 6.705225522482741304e-04 1.021624497141208031e-03 1.542042807690753884e-03 2.302396664201801155e-03 3.394595914254858703e-03 4.933774204933009076e-03 1.441870290276252432e+06 9.915243647597811114e-03 1.368253417698656049e-02 1.856721070383322847e-02 2.486242392018982519e-02 3.306190801022206721e-02 4.404989411145718986e-02 5.920197388915863362e-02 8.018447897577780925e-02 1.078848377159041388e-01 1.405943818751754781e-01 1.738557851687718425e-01 2.057513135341459687e-01 2.434094618824299006e-01 2.951956353083899365e-01 3.470750282764379357e-01 3.701803310260564639e-01 3.748318083185718241e-01 3.711626724322414916e-01 3.264093039309678423e-01 2.549283970705245594e-01 1.746703337110911691e-01 9.725483440137608349e-02 4.278002173600255892e-02 1.363476587248328709e-02 2.909226130800320227e-03 3.699114174059687328e-04 2.435508936970866826e-05 6.934945973183642130e-07 6.801977386875784189e-09 1.722409991747322879e-11 7.815091908532059426e-15 4.000278600093428149e-19 2.732991599907035334e-04 4.219060387273033150e-04 6.453085199906495335e-04 9.765357299954915190e-04 1.459786759867811494e-03 2.151533440507674786e-03 3.120550596030664207e-03 1.836182149627555627e+06 6.204153434526096973e-03 8.480456184690074797e-03 1.136246098870754076e-02 1.497290480482064631e-02 1.954088341026953904e-02 2.552379143471823417e-02 3.366258912906577860e-02 4.482054347968186109e-02 5.920736097099965622e-02 7.509200006300595365e-02 8.874703492370343560e-02 9.830356893076944158e-02 1.084600256656298167e-01 1.251102422681772963e-01 1.393051436283286038e-01 1.337249636452234602e-01 1.196880545994519485e-01 1.084901564545510538e-01 8.335354316437074140e-02 5.566199940932835960e-02 3.305794895560576485e-02 1.528997243580150836e-02 5.631131790735749605e-03 1.464440382095469643e-03 2.538108206192400793e-04 2.586379285772818094e-05 1.353694056996779786e-06 3.036801745552091852e-08 2.329756901424580658e-10 4.584440055230505180e-13 1.607117872459426379e-16 6.322528738273402703e-21 2.299160204380578003e-05 3.541331393600395054e-05 5.401530711390144555e-05 8.146469500747762632e-05 1.212814991556936459e-04 1.778763328638237600e-04 2.564963089984529558e-04 4.270773633992340765e+05 5.027031135323364874e-04 6.815485910294849297e-04 9.055848873824102509e-04 1.184120625026783679e-03 1.534728165562928995e-03 1.992050431567760679e-03 2.607439766061753119e-03 3.433953074453753498e-03 4.481680891407721114e-03 5.678699914418379284e-03 6.940789864158104609e-03 8.356314159230592356e-03 1.013644302935406451e-02 1.217180352266619345e-02 1.416599150996682675e-02 1.630609017945239270e-02 1.796416330250945326e-02 1.784644355338564983e-02 1.668664642227172396e-02 1.380693083275477337e-02 9.640419834994218631e-03 5.545624384839108363e-03 2.451312040810415573e-03 7.776411149977236143e-04 1.625442662302379227e-04 1.992051898716923512e-05 1.245440582874067705e-06 3.320236269484917603e-08 3.008862569701708188e-10 6.953432988263351487e-13 2.845894022472630814e-16 1.300125107083028572e-20
6.112640302094648473e-04 9.391871514771840592e-04 1.431546685991577248e-03 2.161763124612360067e-03 3.229341893023409283e-03 4.764002913517787277e-03 6.928585811638695614e-03 9.915243647597811114e-03 9.141960792252067477e+05 1.926220092080844007e-02 2.616599853093352565e-02 3.507857601123889196e-02 4.670871213830696950e-02 6.232438025656793917e-02 8.390213512140151653e-02 1.138522379563145642e-01 1.535070002303361714e-01 2.005243525370207502e-01 2.486273811695334512e-01 2.951267322045048047e-01 3.503266825772458071e-01 4.264810526823546444e-01 5.035870320222750607e-01 5.397083845298583649e-01 5.494642662174101799e-01 5.474190904393611001e-01 4.847337667184629106e-01 3.815207803903016837e-01 2.636934865737884937e-01 1.482673493850331925e-01 6.594207133552883182e-02 2.127926101687038080e-02 4.604143239744524357e-03 5.946910719099640424e-04 3.985298235503474435e-05 1.157587562593856627e-06 1.161096945081375868e-08 3.015164021735814995e-11 1.407410910813808198e-14 7.437597366307714766e-19 3.826671025241516039e-04 5.909551131049796966e-04 9.042356323872080071e-04 1.368988539385619955e-03 2.047497119770340032e-03 3.019479148038581653e-03 4.382244035923064419e-03 6.245207299907160753e-03 1.153511566266429378e+06 1.193874240083129742e-02 1.601264413275230863e-02 2.112538105660837634e-02 2.760667950126473660e-02 3.611256088247809248e-02 4.770724548696695516e-02 6.363973735018689515e-02 8.424487227896158836e-02 1.071008278745661513e-01 1.269152065214384228e-01 1.410052289059312014e-01 1.561009201936275903e-01 1.807518182582023292e-01 2.021242040189418221e-01 1.949657452091841658e-01 1.754501822843800019e-01 1.600095784923424580e-01 1.237840847696562580e-01 8.330264378846967410e-02 4.990639013434536309e-02 2.330993311726242342e-02 8.679951042006146811e-03 2.285496459982803725e-03 4.016811761575270743e-04 4.158013506606477615e-05 2.215091250484431694e-06 5.069057414877897173e-08 3.976892993272358440e-10 8.025289437802669249e-13 2.894240087175286563e-16 1.175528701703146918e-20 3.219230434806603572e-05 4.960270065250206492e-05 7.568870373420090209e-05 1.142039460556109844e-04 1.701094481944734175e-04 2.496330607276795312e-04 3.602022738469658875e-04 5.098802833439150528e-04 2.664527938110615360e+05 9.594805850940091264e-04 1.276203152474150119e-03 1.670684462818885184e-03 2.168210499940510707e-03 2.818470080158435882e-03 3.695311983729160366e-03 4.875797006570675718e-03 6.376886726578441522e-03 8.099310999509022613e-03 9.925872788751110079e-03 1.198617714136089411e-02 1.458885957901698630e-02 1.758509597869360036e-02 2.055408496423145534e-02 2.377363909194564820e-02 2.633358639305752313e-02 2.632129958961663962e-02 2.478048535000579658e-02 2.066317870680470931e-02 1.455379321899877634e-02 8.454438622883159865e-03 3.778506576230308313e-03 1.213634940140917483e-03 2.572426655322622500e-04 3.202538292155810855e-05 2.037952758870049539e-06 5.542168930069310468e-08 5.136125775118151401e-10 1.217232893110055949e-12 5.125137804041664057e-16 2.417283404232251884e-20
8.400253566662099075e-04 1.291192998343545888e-03 1.968983116718851702e-03 2.974861735596245893e-03 4.446545726856798372e-03 6.563902939769918066e-03 9.553255588047407723e-03 1.368253417698656049e-02 1.926220092080844007e-02 5.596390978300250135e+05 3.622101388056455512e-02 4.862243864992080167e-02 6.483892336594226924e-02 8.666018192539771958e-02 1.168823877443135595e-01 1.589403431021620683e-01 2.148088366219823853e-01 2.813531187298404790e-01 3.498965740451893680e-01 4.167437654623158960e-01 4.965784038821111634e-01 6.071216411097402066e-01 7.203526622386223766e-01 7.762238502623053371e-01 7.950966095039040393e-01 7.976006243873069446e-01 7.117509548018150500e-01 5.650973261061839059e-01 3.944196373757560270e-01 2.242290668600137871e-01 1.009709038054020097e-01 3.304096253750134216e-02 7.262185046615052091e-03 9.547448400351331342e-04 6.526741298736954628e-05 1.938705992062073427e-06 1.994195309957800630e-08 5.327489077253485702e-11 2.567368100602497183e-14 1.406345710727995410e-18 5.258776132665987516e-04 8.124441472355520407e-04 1.243707041571456276e-03 1.883902808740134773e-03 2.819239916447091685e-03 4.160276224883634362e-03 6.042314905596575178e-03 8.618069848848133180e-03 1.205271945367861718e-02 6.973343216471842024e+05 2.216594962776944830e-02 2.928190540152039723e-02 3.832234490367419921e-02 5.021343305756745257e-02 6.646001031025586259e-02 8.884253723015358983e-02 1.178874121600806124e-01 1.502717827526401928e-01 1.786094345168229847e-01 1.991112414832497679e-01 2.212687461429328484e-01 2.573111744221448505e-01 2.891271998868051307e-01 2.804052443012585716e-01 2.538833799538760538e-01 2.331371739538910248e-01 1.817563507500454256e-01 1.233854187818618914e-01 7.464750288404782552e-02 3.525229643028001542e-02 1.329079423724130113e-02 3.548760591545674619e-03 6.335778187387157900e-04 6.675469210390225650e-05 3.627665155950665237e-06 8.489562519408685071e-08 6.830352442992560791e-10 1.417987264158115379e-12 5.279609258537177310e-16 2.222760477687133289e-20 4.424005111608581405e-05 6.819371376695990009e-05 1.041040304429537454e-04 1.571591934874252776e-04 2.342271165531313148e-04 3.439475606794379281e-04 4.966532101941371641e-04 7.036089733120083449e-04 9.765940929471568152e-04 1.596565160311828949e+05 1.766619838548819229e-03 2.315736897950498776e-03 3.009811831903996468e-03 3.918998133512617554e-03 5.147865277724835917e-03 6.806724777937108069e-03 8.923447249643884707e-03 1.136403823497727020e-02 1.396881094453632233e-02 1.692549013800529259e-02 2.067930581511191052e-02 2.503345051909846089e-02 2.940145174986963025e-02 3.419191956184181036e-02 3.810574507662996269e-02 3.835066287241427341e-02 3.638602325503564883e-02 3.060569079389102720e-02 2.176884199326988012e-02 1.278589582330332680e-02 5.785672428992552803e-03 1.884448269120218887e-03 4.057527626102814568e-04 5.141504646489141817e-05 3.337564631348521606e-06 9.281920833418121132e-08 8.821346034439996204e-10 2.150727090058675622e-12 9.349163920919211425e-16 4.570745066889314234e-20
1.134611995451634530e-03 1.744791729449828976e-03 2.662052576625191427e-03 4.024310456498151473e-03 6.019062462351711107e-03 8.891702072217788633e-03 1.295181114864943361e-02 1.856721070383322847e-02 2.616599853093352565e-02 3.622101388056455512e-02 3.320187864625087823e+05 6.631176601077921895e-02 8.857545214436783609e-02 1.186073530593356323e-01 1.603088891394869597e-01 2.185113798504985938e-01 2.961097510139713007e-01 3.890079021578686236e-01 4.854183702026773073e-01 5.803629484359201784e-01 6.945120028051257055e-01 8.532224942458248584e-01 1.017862087819296768e+00 1.103528072765660228e+00 1.138154980942787997e+00 1.150604915628000935e+00 1.035735991857030802e+00 8.304210216082578144e-01 5.860313787296541621e-01 3.373195588900622099e-01 1.540310754737913845e-01 5.120202415953141462e-02 1.145457994295736442e-02 1.536168470585459788e-03 1.073916350849951206e-04 3.271350786737978852e-06 3.461746577333927846e-08 9.547853584668784850e-11 4.769397556546317771e-14 2.720282052226851318e-18 7.102964730966431503e-04 1.097857431503315544e-03 1.681483963204004946e-03 2.548491474922156240e-03 3.816261474824760719e-03 5.635661750216688394e-03 8.191858873311242545e-03 1.169472823338906127e-02 1.637255476750952565e-02 2.244984132368013988e-02 4.070481775331555982e+05 3.993495417446642909e-02 5.235156370376022050e-02 6.872455435308487404e-02 9.115257337437736307e-02 1.221408298275913074e-01 1.625054760844537038e-01 2.077706166046048297e-01 2.477883667268506729e-01 2.772849812060465546e-01 3.094653308330132524e-01 3.616139949096318085e-01 4.085382490398073441e-01 3.986415242620878763e-01 3.634258152017381671e-01 3.363196694749682192e-01 2.644908207714745108e-01 1.813171657038481488e-01 1.109117672865477106e-01 5.303188051506053241e-02 2.027510156993979698e-02 5.499347222057521592e-03 9.993366635858271039e-04 1.074071824990237566e-04 5.968995472729966674e-06 1.432519275260982957e-07 1.185688737379203173e-09 2.541297520611051837e-12 9.807925669590299957e-16 4.299465904952701637e-20 5.975449702484385278e-05 9.215030435705841283e-05 1.407479831211287083e-04 2.126005985819370185e-04 3.170613171466065490e-04 4.659238971219175837e-04 6.733368039323762554e-04 9.547979849058236320e-04 1.326616813230768396e-03 1.804225785708588265e-03 9.218607800278185459e+04 3.158225041426862122e-03 4.111657474257172928e-03 5.363732050096028416e-03 7.060503982148962077e-03 9.357893625116903494e-03 1.230079630256680420e-02 1.571228601903339531e-02 1.937920501470931714e-02 2.357066421694095290e-02 2.892197080258574957e-02 3.518092857379114674e-02 4.154440544446435374e-02 4.860935809365724003e-02 5.454713684235570903e-02 5.532400535981120415e-02 5.294873667753768887e-02 4.497563135047244476e-02 3.234429343210002555e-02 1.923449443699255801e-02 8.826041096891791213e-03 2.920240767603778445e-03 6.399902269856927233e-04 8.272594936480220386e-05 5.491661252633513647e-06 1.566220930103247801e-07 1.531307605113516829e-09 3.854503887044558724e-12 1.736793393581502611e-15 8.841151699696301157e-20
1.511350519222069916e-03 2.325324822444250431e-03 3.549823151273643913e-03 5.369859982001611368e-03 8.037426224756028317e-03 1.188309054160474956e-02 1.732511096125871619e-02 2.486242392018982519e-02 3.507857601123889196e-02 4.862243864992080167e-02 6.631176601077921895e-02 1.924443739474571194e+05 1.195007944911041092e-01 1.603561204936245488e-01 2.172515657984949999e-01 2.969203903409095568e-01 4.035755025869919299e-01 5.319861653400188573e-01 6.663649903728761092e-01 8.001234578671263531e-01 9.621255234340493345e-01 1.188424145350835071e+00 1.426430901882819846e+00 1.557149407143245456e+00 1.618480757629450428e+00 1.650488992060666016e+00 1.500339515325687545e+00 1.216259016915246738e+00 8.690322270666201998e-01 5.072464601839780096e-01 2.352925544261714741e-01 7.960940611045487503e-02 1.816753861691219538e-02 2.491599873875501633e-03 1.786286085963643966e-04 5.597835012577400716e-06 6.115667300609202105e-08 1.748423084235757221e-10 9.093912376700713762e-14 5.428087395146933814e-18 9.461445390315172295e-04 1.463140324366694238e-03 2.242243730829719759e-03 3.400593103735120252e-03 5.095963075667835941e-03 7.531637733221983877e-03 1.095791641263148784e-02 1.565982611000928462e-02 2.194932122430889171e-02 3.013626388428641140e-02 4.058040092334534027e-02 2.312552669663002889e+05 7.062965306972798785e-02 9.291500597944171713e-02 1.235305128645410727e-01 1.659689435570065874e-01 2.214828419508123591e-01 2.841358568416917363e-01 3.401550141983848419e-01 3.822818437585004947e-01 4.287103638379433090e-01 5.036796448120406389e-01 5.725250896022542335e-01 5.625089460675715136e-01 5.167992923446836917e-01 4.824348520873015800e-01 3.831343440454116345e-01 2.655624460008590981e-01 1.644722511990055758e-01 7.974703203300267940e-02 3.097154535191787295e-02 8.550438650220459555e-03 1.584998098350543861e-03 1.742098783383424728e-04 9.928458163132369081e-06 2.451282995317071407e-07 2.094687660664979852e-09 4.653677614078741501e-12 1.870098174433483969e-15 8.579212095096217598e-20 7.959548327215008065e-05 1.228108699167364086e-04 1.876861686976369467e-04 2.836847352647222926e-04 4.233810433484276755e-04 6.226722184379404829e-04 9.006952547825076679e-04 1.278522263657551989e-03 1.778484725728628549e-03 2.421960298115588550e-03 3.234246334189692061e-03 5.171476121569358656e+04 5.547206623886947151e-03 7.251719566580574344e-03 9.568437244385734688e-03 1.271581109340599348e-02 1.676506779337496797e-02 2.148727247344965618e-02 2.660308005580613866e-02 3.249594311337411501e-02 4.006635765082668110e-02 4.900230040220966699e-02 5.822028783220915826e-02 6.859094481162844592e-02 7.756719677139554958e-02 7.935970079984902559e-02 7.670012681653540221e-02 6.587263056699600716e-02 4.796370019490190512e-02 2.892399494620687128e-02 1.348235574393163126e-02 4.540418802275008638e-03 1.015056616751594315e-03 1.341779687256674722e-04 9.134489922460955363e-06 2.680069161493360498e-07 2.705272508705526779e-09 7.058448806972305174e-12 3.311581127470533538e-15 1.764175301616897471e-19
1.997951937797557906e-03 3.075767614980323694e-03 4.698486740367180739e-03 7.112641420814077436e-03 1.065470197751657022e-02 1.576720561554522185e-02 2.301190802689211806e-02 3.306190801022206721e-02 4.670871213830696950e-02 6.483892336594226924e-02 8.857545214436783609e-02 1.195007944911041092e-01 1.105318521510263381e+05 2.155612308929019116e-01 2.928253574034252460e-01 4.014134438545493011e-01 5.474525897887635439e-01 7.243961041502648968e-01 9.112746731620682272e-01 1.099483678373114559e+00 1.329292974833496288e+00 1.652011516330994967e+00 1.996537359888556074e+00 2.196424226259957813e+00 2.302892953591143321e+00 2.371553438330461283e+00 2.179701834101353874e+00 1.789043448216194765e+00 1.296263184866550233e+00 7.685969652660479268e-01 3.628818458659361368e-01 1.252452061726390953e-01 2.922909364117095080e-02 4.110916582766526925e-03 3.031962300996858756e-04 9.809536273306491703e-06 1.110873063304010224e-07 3.306842995813135015e-10 1.799962528387244205e-13 1.130784946055776414e-17 1.250769620384031139e-03 1.935333757426820067e-03 2.967796419434292395e-03 4.504251404325324872e-03 6.755392378275628523e-03 9.993433976265318069e-03 1.455474456802711807e-02 2.082434649039833705e-02 2.922651496369185059e-02 4.018726659511643456e-02 5.420497109669419195e-02 7.196699830070617254e-02 1.297463606627681293e+05 1.249024545848008566e-01 1.665022134447523283e-01 2.243771979742684164e-01 3.004428034965069272e-01 3.869027451380518956e-01 4.651724713427999314e-01 5.253097426630531919e-01 5.923153071067589481e-01 7.001579167051981134e-01 8.013481265413202603e-01 7.934423446863970719e-01 7.353398816459338905e-01 6.932006440161907479e-01 5.566197676542025130e-01 3.906262954704251555e-01 2.453295948310675878e-01 1.208353958494044755e-01 4.776611641636546030e-02 1.345194624524054423e-02 2.550045926124469998e-03 2.874306927255109909e-04 1.685212189367887032e-05 4.295580238552041863e-07 3.804870317317986487e-09 8.801634662479447505e-12 3.701494471191388331e-15 1.787230598908187646e-19 1.052224140071629602e-04 1.624451314549691912e-04 2.484182837840157422e-04 3.757542664537830363e-04 5.612491752537922653e-04 8.261992841697941500e-04 1.196339602653106278e-03 1.700171536200889349e-03 2.368132933042069177e-03 3.229728959000436640e-03 4.320120675877470520e-03 5.691454538714303506e-03 2.861195126842604441e+04 9.748237803772505025e-03 1.289694297751712085e-02 1.719079486776733251e-02 2.274191501375619900e-02 2.925883694481716535e-02 3.638053234068261421e-02 4.465405771471507579e-02 5.535652724637547123e-02 6.811740144110192685e-02 8.148938697769438078e-02 9.675039029344818797e-02 1.103682883053228037e-01 1.140303099275931514e-01 1.114303831833138025e-01 9.689465524502019478e-02 7.154346736080442748e-02 4.382661385347465938e-02 2.079327223469050814e-02 7.143197227373603020e-03 1.633087757661537322e-03 2.213816281096169848e-04 1.550447562759609113e-05 4.696500628469661772e-07 4.913959852784131754e-09 1.334984776230203245e-11 6.554628736508566325e-15 3.675148773498692339e-19
