1.954247171594013274e+07 1.872402108499234954e-05 2.827499032451722327e-05 4.238773887933077909e-05 6.300116203534575506e-05 9.270395926850703188e-05 1.348654083914721871e-04 1.937055160466016803e-04 2.744839722534871455e-04 3.836261461636178600e-04 5.296629855986796816e-04 7.245982220809046815e-04 9.869095599771393178e-04 1.346053082638879080e-03 1.845015646725519471e-03 2.536650411244297833e-03 3.462507326475060612e-03 4.617291302612521776e-03 5.945729391054254374e-03 7.439072122535689627e-03 9.239107812743401968e-03 1.145963875520606724e-02 1.373346267481767580e-02 1.535784419401097466e-02 1.624794073527350766e-02 1.626093495163449809e-02 1.462360021906640613e-02 1.161754066204471678e-02 7.934993633433227306e-03 4.408052862440919872e-03 1.901061949478755932e-03 5.900626148202802205e-04 1.209647309598695260e-04 1.461538337833238115e-05 9.030052878478342278e-07 2.381894954320262615e-08 2.134614469280612077e-10 4.866761991874488620e-13 1.956831355180357950e-16 8.723613544202789124e-21 1.780776438766175136e+07 8.396982390466474697e-06 1.282001255430052611e-05 1.936079824876027876e-05 2.887532266353358762e-05 4.244838603211160863e-05 6.138726423067832614e-05 8.713411156020486360e-05 1.212013748029509304e-04 1.649883438228918152e-04 2.200408041837502589e-04 2.884691487381089796e-04 3.743081970177249509e-04 4.857317113738507646e-04 6.358510479903679673e-04 8.393955672711293173e-04 1.098103429508535088e-03 1.377690649160887145e-03 1.608928803536878883e-03 1.758923129950566060e-03 1.911789290713178683e-03 2.167276139713290514e-03 2.367343959103807276e-03 2.224152771751480070e-03 1.941255901854022038e-03 1.713646062766634864e-03 1.277134056879939208e-03 8.221133577852398787e-04 4.708224656416366578e-04 2.078646027868003877e-04 7.303068238699972727e-05 1.792960442082918319e-05 2.922031318685638056e-06 2.773934113983426112e-07 1.341209478272658949e-08 2.751781265418240234e-10 1.909382893401488313e-12 3.355596798403757038e-15 1.035796964346207296e-18 3.531349474695575147e-23 3.353798918944096193e+06 6.633956295869761482e-07 1.010459276272460619e-06 1.521652632637451468e-06 2.261673826718497402e-06 3.311199551293080510e-06 4.765603512861793964e-06 6.727095715781576100e-06 9.300010897583451473e-06 1.257803426034448563e-05 1.666799276814856062e-05 2.172935202879662083e-05 2.806830541072513494e-05 3.629348196067761840e-05 4.730627942093061818e-05 6.201657978339215102e-05 8.049028088180042704e-05 1.011405033603126436e-04 1.218860255903583828e-04 1.436612358918919901e-04 1.701793370210804071e-04 2.001627599997699166e-04 2.271699646138073347e-04 2.516047533570156037e-04 2.662338195506942871e-04 2.542280760680891709e-04 2.270871759861965928e-04 1.794073748290601227e-04 1.187104139343038325e-04 6.479014110990698411e-05 2.694814195601290678e-05 8.032187756628904169e-06 1.566168952520316628e-06 1.779769100483489820e-07 1.023714254970774474e-08 2.486846351060031773e-10 2.031428304746383546e-12 4.179804352262804715e-15 1.502183339422589664e-18 5.932440722181494285e-23
1.872402108499234954e-05 1.453291074683433026e+07 4.297298405646823708e-05 6.443468270656624709e-05 9.579111517186609474e-05 1.409887184896783561e-04 2.051680715370598161e-04 2.947743895128806428e-04 4.178502560532622442e-04 5.842346976729000194e-04 8.070050044775054594e-04 1.104577195219033463e-03 1.505310945612579497e-03 2.054435194992124732e-03 2.818038861276015491e-03 3.877607952394561148e-03 5.297793149140863148e-03 7.072009754178224840e-03 9.117348522778023073e-03 1.142230305050832145e-02 1.420718593399812081e-02 1.765113687267244255e-02 2.119318558259413940e-02 2.374996418667511128e-02 2.518618631462762186e-02 2.527378290551970247e-02 2.279739204518629880e-02 1.817250892837971379e-02 1.245952029070559498e-02 6.951249769488056229e-03 3.012361055488664303e-03 9.400826653591723425e-04 1.939006830259607655e-04 2.358934520208379686e-05 1.468774775392730319e-06 3.908119063922787148e-08 3.536866790568135023e-10 8.153172312857979985e-13 3.319152333056044761e-16 1.500488579394259821e-20 8.277322548385562183e-06 1.342432391937239468e+07 1.948415149843505875e-05 2.943084309488903919e-05 4.390394191992082055e-05 6.455758304009879742e-05 9.338722782483781747e-05 1.325976929574238417e-04 1.845063122616517285e-04 2.512652386623517365e-04 3.352585228602085335e-04 4.397422371604789914e-04 5.709238706901805264e-04 7.413558469877332786e-04 9.711857817574971220e-04 1.283127904589218644e-03 1.680148019158366314e-03 2.110120646620928728e-03 2.467176638118228574e-03 2.700733734249073734e-03 2.939801815314401195e-03 3.338228071594090841e-03 3.653234515656206965e-03 3.439515859614670872e-03 3.009171046662045476e-03 2.663458078891650649e-03 1.990982066850429787e-03 1.285974611072551125e-03 7.392850372639651413e-04 3.277907087997945779e-04 1.157220486889863560e-04 2.856529102068674800e-05 4.683876564850628034e-06 4.477151757756879531e-07 2.181531688368673164e-08 4.515013898333573628e-10 3.163678052096467645e-12 5.621552678256792050e-15 1.756905571694097919e-18 6.074030594984200847e-23 6.552028122543530094e-07 2.545826577620115597e+06 1.535719371451572360e-06 2.313102967174675766e-06 3.438797809710871555e-06 5.035834338512472690e-06 7.249818126869049374e-06 1.023706280174883965e-05 1.415751857184806898e-05 1.915543066315810841e-05 2.539568356525211110e-05 3.312421420103247753e-05 4.281195468462181003e-05 5.539351133363261788e-05 7.225463590358201888e-05 9.480060077747686658e-05 1.231537780057596746e-04 1.549104397857505066e-04 1.869034566281353781e-04 2.205842537803518366e-04 2.616886318664033762e-04 3.083081717530363028e-04 3.505638259519046600e-04 3.890913207568952119e-04 4.126931955076373697e-04 3.951375011426992191e-04 3.540164734975261474e-04 2.806344488683238953e-04 1.863989915380144546e-04 1.021703839563189341e-04 4.270115099001961712e-05 1.279681221155970451e-05 2.510493986288368909e-06 2.872561506224242178e-07 1.665112812899063318e-08 4.080319166047386981e-10 3.365896470709763948e-12 7.002328278006995625e-15 2.547984179895185735e-18 1.020398199262532841e-22
2.827499032451722327e-05 4.297298405646823708e-05 1.067743012323080935e+07 9.736064310473904781e-05 1.447766022288356452e-04 2.131476937415002380e-04 3.102734446560027892e-04 4.459441812142105055e-04 6.323927613245156499e-04 8.846083209607439289e-04 1.222537267337239037e-03 1.674295101648358474e-03 2.283197863557126679e-03 3.118361364710653220e-03 4.280922114988149584e-03 5.895969987105043573e-03 8.063760936630319856e-03 1.077688723934763781e-02 1.391203098183287599e-02 1.745495679083569965e-02 2.174687658106969415e-02 2.706923251951992224e-02 3.256986910888093334e-02 3.658593132749708016e-02 3.890220519594891901e-02 3.915508608371822546e-02 3.543830388248044722e-02 2.835676605883826959e-02 1.952560465569967013e-02 1.094613295724983226e-02 4.769381247304713654e-03 1.497523650671758614e-03 3.110083743572687504e-04 3.813009331280161387e-05 2.394900406403828174e-06 6.435082380964692282e-08 5.888331975869367322e-10 1.374318768781523983e-12 5.673493104893237785e-16 2.605423802064077278e-20 1.249951673874680341e-05 1.927168254885073731e-05 9.962913282760778442e+06 4.446992970978135332e-05 6.635546025551562256e-05 9.759858863835141004e-05 1.412284896329663031e-04 2.005980564136079086e-04 2.792398822368468651e-04 3.804486823090887050e-04 5.078853738390457862e-04 6.665521222531517725e-04 8.659554131409832965e-04 1.125280289387639706e-03 1.475341858488482582e-03 1.951018181299938497e-03 2.557350123577995828e-03 3.215568566858622787e-03 3.764629348258899388e-03 4.127117834854856712e-03 4.499941617393586266e-03 5.119402366261733943e-03 5.614322091186271790e-03 5.298445507143148374e-03 4.647920414174306659e-03 4.126328486290876778e-03 3.094960483627456557e-03 2.006661895036483591e-03 1.158550813249079785e-03 5.161720265646510498e-04 1.832192618183353043e-04 4.550365671880181762e-05 7.512737002217087188e-06 7.236920433203177809e-07 3.557081190790461001e-08 7.434391304806757095e-10 5.267030888806349753e-12 9.475827394495702195e-15 3.003113640697932886e-18 1.054684727625578539e-22 9.894163808615404238e-07 1.522541001420981733e-06 1.898759737358117010e+06 3.495092751169191726e-06 5.197324008063360647e-06 7.613208253941026062e-06 1.096382115648473498e-05 1.548695799763451250e-05 2.142660470695723182e-05 2.900384626882158019e-05 3.847209052702963908e-05 5.020899383292285633e-05 6.493552960305809139e-05 8.408003621604808581e-05 1.097630245631182487e-04 1.441459538472331418e-04 1.874521326757225747e-04 2.360647679794917629e-04 2.851932963543224214e-04 3.370851396123157834e-04 4.005656296965310541e-04 4.728117882181184979e-04 5.387494900690836634e-04 5.993806234589434860e-04 6.374397129463679106e-04 6.121617381135590523e-04 5.503148492749838786e-04 4.379079105682742853e-04 2.921102042513922686e-04 1.608877028111014912e-04 6.760745641663771133e-05 2.038494022511745549e-05 4.026724616564182663e-06 4.643241995094324580e-07 2.715038016127360437e-08 6.718625902811760120e-10 5.603693039500224566e-12 1.180329669036672776e-14 4.355320041217371110e-18 1.771802726426067225e-22
4.238773887933077909e-05 6.443468270656624709e-05 9.736064310473904781e-05 7.732567568842352368e+06 2.172462669449158113e-04 3.199433858689910526e-04 4.659003404847048241e-04 6.698913757763514830e-04 9.504039483358591150e-04 1.330131464182195957e-03 1.839313288530019510e-03 2.520617831077695114e-03 3.439815995458834000e-03 4.701911575359941572e-03 6.460800947571176088e-03 8.907494817026014727e-03 1.219679710512578188e-02 1.632198543583499722e-02 2.110149879628784100e-02 2.651949631386035094e-02 3.310227310266197764e-02 4.129080808693650489e-02 4.979948329697407583e-02 5.608976120759055772e-02 5.982046992552610132e-02 6.041344629505132624e-02 5.488736791063762027e-02 4.410801747728993610e-02 3.051827517885493182e-02 1.720178051957641646e-02 7.540972427501661628e-03 2.384097992071962727e-03 4.989783851109394139e-04 6.171031852130037646e-05 3.914095790468400443e-06 1.063372347268399875e-07 9.851691670143369135e-10 2.331677552958980365e-12 9.778086642320686108e-16 4.570451904401074967e-20 1.873833538257347142e-05 2.889640497446344778e-05 4.414376990308799286e-05 7.260880283196790144e+06 9.957048176291100126e-05 1.464994640892481996e-04 2.120658488163228357e-04 3.013357134139276654e-04 4.196611707807847429e-04 5.720574302267183477e-04 7.641160250164414063e-04 1.003480905510550827e-03 1.304629497522297524e-03 1.696714331466541489e-03 2.226597406185277985e-03 2.947553053333259142e-03 3.868105816773312333e-03 4.870094875315067115e-03 5.710116787727934420e-03 6.270372795523862681e-03 6.849640950032463010e-03 7.809023047575889415e-03 8.584324925261259051e-03 8.123027964132504414e-03 7.147172813260127024e-03 6.366624347837517017e-03 4.793520460151749069e-03 3.121296615898627638e-03 1.810800390097042772e-03 8.111611603830661162e-04 2.896919600084554500e-04 7.244304727111525578e-05 1.205335189085036290e-05 1.171234125714395973e-06 5.813501253746755261e-08 1.228504262150411513e-09 8.812200899386332624e-12 1.607674619116825239e-14 5.175771756936343925e-18 1.850135021450342614e-22 1.483258622321298535e-06 2.282933068026772045e-06 3.479363346898535419e-06 1.387659517384547740e+06 7.798906877716917939e-06 1.142773624867698014e-05 1.646305250351956932e-05 2.326430086244918763e-05 3.220139596517929760e-05 4.361131089357566726e-05 5.788144806253634335e-05 7.558863727854079229e-05 9.783044954947294110e-05 1.267771272485612255e-04 1.656552102694901999e-04 2.177723664804376053e-04 2.835296888308188571e-04 3.575286276362924084e-04 4.325756611373818045e-04 5.121369376347746768e-04 6.097258528287521516e-04 7.212166356943257393e-04 8.237505082460698427e-04 9.189083022468144549e-04 9.802000422745975328e-04 9.445209802459674214e-04 8.523357579135064409e-04 6.811513602330813858e-04 4.565645854810054349e-04 2.528340339793151963e-04 1.068956198499542543e-04 3.245337396668739245e-05 6.460432297400300745e-06 7.514692926087040456e-07 4.437311397780884153e-08 1.110226811986855424e-09 9.375465966511511262e-12 2.002554470550072545e-14 7.506256891601623912e-18 3.108108223622452385e-22
6.300116203534575506e-05 9.579111517186609474e-05 1.447766022288356452e-04 2.172462669449158113e-04 5.506282029390804470e+06 4.762178661852041537e-04 6.937468762801372868e-04 9.979524668766743406e-04 1.416563039377838687e-03 1.983683112441773748e-03 2.744826093557891158e-03 3.764287573967728222e-03 5.141233819679705448e-03 7.034085121110918853e-03 9.675441753248616161e-03 1.335512205221070156e-02 1.831089508186006451e-02 2.454030075346444462e-02 3.177927054255801076e-02 4.001384878015123298e-02 5.005176361452366718e-02 6.258155260118107577e-02 7.567953248863854010e-02 8.549551225818462219e-02 9.149121092643898445e-02 9.275070418215702883e-02 8.462864166451145032e-02 6.833719657766361422e-02 4.753973926084169299e-02 2.696018343941711942e-02 1.190040912939177402e-02 3.791559533961933164e-03 8.004897600352717376e-04 9.997373280473235448e-05 6.411310776565584278e-06 1.763550962636167941e-07 1.656822382783085077e-09 3.983418804367010094e-12 1.700273458985143348e-15 8.107065990421653752e-20 2.785090535427971756e-05 4.295852389880142075e-05 6.564238702968810295e-05 9.922824986231584799e-05 5.181876370490347967e+06 2.180562726632675075e-04 3.157757301249486371e-04 4.489066876117972548e-04 6.254987730543510498e-04 8.531342158613443912e-04 1.140298184681239578e-03 1.498597152156231141e-03 1.949931421816846876e-03 2.538293807201344888e-03 3.334464826621680051e-03 4.419304371346795962e-03 5.807137658025205915e-03 7.322246022579150491e-03 8.599547737278794360e-03 9.461029948149235480e-03 1.035689025379397075e-02 1.183558300885663613e-02 1.304547063671670018e-02 1.238162584274086001e-02 1.093109927420787830e-02 9.774461278723086191e-03 7.390937856487454945e-03 4.835870497414299779e-03 2.820768142830338242e-03 1.271325003709349900e-03 4.571629028934359588e-04 1.152100825819416273e-04 1.933667880339605329e-05 1.897456541170481313e-06 9.522547539201573844e-08 2.037414156653023984e-09 1.482004530849475125e-11 2.746538131298035000e-14 8.999948220948839100e-18 3.281768854332500656e-22 2.204576589263522670e-06 3.393897436337169339e-06 5.173860681483114258e-06 7.798796604094983465e-06 9.907350768385271076e+05 1.700954735129502822e-05 2.451423674958131031e-05 3.465735979797623359e-05 4.799570479532969314e-05 6.503945155843940200e-05 8.637707886182794629e-05 1.128839780995718995e-04 1.462198025947399125e-04 1.896592673391617483e-04 2.480787368456450928e-04 3.265089223948642498e-04 4.256594858490937022e-04 5.375485773259521243e-04 6.514674193583398039e-04 7.727360178608380214e-04 9.219262423701772005e-04 1.093096960672730383e-03 1.251841369107717546e-03 1.400657345074565741e-03 1.499147180379842292e-03 1.450090855681092621e-03 1.314182482784570678e-03 1.055317764561904733e-03 7.112119286656112122e-04 3.962643243850671061e-04 1.686919853618716613e-04 5.161234977832715844e-05 1.036419623331036389e-05 1.217416990714322146e-06 7.268340865046991318e-08 1.841256797822023647e-09 1.576732441740258522e-11 3.421147630226688587e-14 1.305233818841016523e-17 5.513161280619889781e-22
9.270395926850703188e-05 1.409887184896783561e-04 2.131476937415002380e-04 3.199433858689910526e-04 4.762178661852041537e-04 3.845007823722486850e+06 1.022941264107016723e-03 1.472250525870637651e-03 2.091018249776809088e-03 2.930053896936158763e-03 4.057278423502628031e-03 5.568768010343257482e-03 7.612804999723878259e-03 1.042644482065398920e-02 1.435844052789220920e-02 1.984521571850165686e-02 2.724963296299912074e-02 3.658092554911997890e-02 4.746059377803141938e-02 5.988472806160456685e-02 7.508557721447929600e-02 9.413348234540379333e-02 1.141779801936997907e-01 1.294246687069767199e-01 1.390295663831312978e-01 1.415488576115201402e-01 1.297780303965790916e-01 1.053654332344025751e-01 7.374803005253829924e-02 4.211158330545398260e-02 1.873267756200271833e-02 6.020549271618488157e-03 1.283595212303646673e-03 1.620859888390497770e-04 1.052431089046198753e-05 2.935603142622017657e-07 2.801609608747569067e-09 6.855909110201033552e-12 2.985159414342547823e-15 1.455576346673545934e-19 4.098161227733649009e-05 6.322786013957044557e-05 9.664215896536803706e-05 1.461356398950382793e-04 2.182649351217123737e-04 3.609767117859003134e+06 4.656165463120507417e-04 6.622591043557068046e-04 9.233117858588908841e-04 1.260145442644372603e-03 1.685537466991014191e-03 2.216977241333016255e-03 2.887331756883754815e-03 3.762448117092558140e-03 4.948375084715943978e-03 6.566922281371213865e-03 8.641978944194930387e-03 1.091488402262118934e-02 1.284295186345475043e-02 1.415937788790414681e-02 1.553697665565337803e-02 1.780276451931205386e-02 1.968174801027140070e-02 1.874353144889273279e-02 1.661084137804223759e-02 1.491701696468041710e-02 1.133400393688090320e-02 7.456167585781056997e-03 4.375835816584815186e-03 1.985799129383459573e-03 7.196294816504003947e-04 1.829400204741130531e-04 3.100660317353581114e-05 3.076319260334574702e-06 1.563147603733009294e-07 3.391475226864272869e-09 2.506000749978347228e-11 4.727099188073679752e-14 1.580115246661369744e-17 5.892224295768784477e-22 3.243955694352584442e-06 4.995257121457109849e-06 7.617228578516156262e-06 1.148546037778594168e-05 1.709570822142212536e-05 6.885846148763631936e+05 3.614664827565920377e-05 5.112900451817202144e-05 7.084746096581289192e-05 9.606831721162297877e-05 1.276787112938774420e-04 1.669969878147715883e-04 2.165127833694251581e-04 2.811270906720451696e-04 3.681510240126075958e-04 4.851801408935090855e-04 6.334515437258713376e-04 8.012951709004615796e-04 9.729307822966737265e-04 1.156476762514235595e-03 1.383035462859373782e-03 1.644206945536201038e-03 1.888657531930352813e-03 2.120340683038776219e-03 2.278096227191511117e-03 2.213015047858333216e-03 2.015298967855085142e-03 1.627137474635164142e-03 1.103297567560671899e-03 6.189615936708914301e-04 2.655415065750376660e-04 8.195432303807944892e-05 1.661911660664652007e-05 1.973780824557253190e-06 1.193114506337820200e-07 3.064952108886468422e-09 2.666181242544126214e-11 5.888177557353523723e-14 2.291590803609422196e-17 9.898559065570614446e-22
1.348654083914721871e-04 2.051680715370598161e-04 3.102734446560027892e-04 4.659003404847048241e-04 6.937468762801372868e-04 1.022941264107016723e-03 2.626540350075681228e+06 2.148061892044067240e-03 3.052841743698848746e-03 4.280936068152246810e-03 5.932726101691495647e-03 8.150413283727172414e-03 1.115363660056696918e-02 1.529381650932236381e-02 2.108911677757052683e-02 2.919107320848558784e-02 4.014935945043418553e-02 5.399917042747832963e-02 7.020726870467006164e-02 8.879660794979682414e-02 1.116342530095502661e-01 1.403754611438426947e-01 1.708438125375422723e-01 1.943963067947194756e-01 2.097198201813871288e-01 2.145523779971224565e-01 1.977813480192948392e-01 1.615604079155644190e-01 1.138602955254682525e-01 6.552132796086158895e-02 2.940094221819582535e-02 9.542267302560029224e-03 2.056983512382103401e-03 2.629877199633536998e-04 1.731594324430486690e-05 4.906504081748007208e-07 4.766063845442423388e-09 1.189753413594257487e-11 5.297634176611055225e-15 2.649052307736588226e-19 5.961991181321166531e-05 9.200975986742011793e-05 1.406794276533122846e-04 2.128021624798567715e-04 3.179650065528754526e-04 4.683964526393434255e-04 2.446990521528747864e+06 9.662577935806601582e-04 1.348015380841376815e-03 1.841127250995244248e-03 2.464665000033138421e-03 3.244753727201441385e-03 4.230273750966438012e-03 5.518869769940404867e-03 7.267980099793913858e-03 9.659532644496524045e-03 1.273301256808481198e-02 1.611207681834777444e-02 1.899825730490703815e-02 2.099541515546055753e-02 2.309975959865454703e-02 2.654816561299446626e-02 2.944967901668567659e-02 2.815285004286828888e-02 2.505670381841337835e-02 2.261043654042973680e-02 1.727298965966884634e-02 1.143279574398673934e-02 6.755895159400631192e-03 3.089700880562139176e-03 1.129458655255455432e-03 2.899507166113614786e-04 4.968861747970589201e-05 4.991388792760524812e-06 2.571890499096018748e-07 5.668438898349883020e-09 4.263177686795104282e-11 8.203262769398630070e-14 2.804162649900250742e-17 1.072345700318569944e-21 4.719295842106795421e-06 7.269143811078397341e-06 1.108819761688180515e-05 1.672508367722654504e-05 2.490476527353930895e-05 3.653741093085116122e-05 4.642991930680471123e+05 7.459889757464046006e-05 1.034357716842472660e-04 1.403599860698701821e-04 1.866972743935054401e-04 2.444157245013410789e-04 3.172161778959842323e-04 4.123655008484671783e-04 5.407258484723334461e-04 7.136696931402817167e-04 9.333216986084238000e-04 1.182837061847122210e-03 1.439232159277478501e-03 1.714814728362571046e-03 2.056242177389173455e-03 2.451904491843360720e-03 2.825986698883037763e-03 3.184759150224595464e-03 3.436405244952759046e-03 3.354372822736072408e-03 3.071309876612051109e-03 2.494945316192426123e-03 1.703391765251154174e-03 9.630411015402410430e-04 4.167674623931701019e-04 1.298934734603503097e-04 2.663242159409103015e-05 3.202498392832358029e-06 1.963064688104781432e-07 5.122695167570172556e-09 4.535674772748561440e-11 1.021816251660464649e-13 4.066787757357535883e-17 1.801472028302871029e-21
1.937055160466016803e-04 2.947743895128806428e-04 4.459441812142105055e-04 6.698913757763514830e-04 9.979524668766743406e-04 1.472250525870637651e-03 2.148061892044067240e-03 1.750871998000741005e+06 4.402338445599058084e-03 6.178374540109233745e-03 8.570197032420278152e-03 1.178602665615660107e-02 1.614775381517058808e-02 2.217088331376070726e-02 3.061742288131838810e-02 4.245061915556785220e-02 5.849611482279954561e-02 7.884097771848420921e-02 1.027491824544037591e-01 1.303026733080944466e-01 1.643086942823720753e-01 2.073118357642070031e-01 2.532714316654068321e-01 2.894251860597100712e-01 3.137490672222871257e-01 3.227256537452379281e-01 2.993216422574171975e-01 2.461913708950332069e-01 1.748515273641605972e-01 1.014986076340883142e-01 4.599310338519994878e-02 1.509281688987297587e-02 3.294100224207709583e-03 4.270748113577735533e-04 2.856518079450073042e-05 8.238353154019083945e-07 8.163337777071089619e-09 2.083950501337993829e-11 9.515979819983553529e-15 4.895245745714016979e-19 8.563134106937756850e-05 1.321946470079600141e-04 2.021931726967288049e-04 3.059760232059626091e-04 4.573915552187186287e-04 6.741314950435623636e-04 9.777425102810723655e-04 1.608716525372196687e+06 1.943900285229543902e-03 2.657169729133589901e-03 3.560364039589117031e-03 4.692124508313437990e-03 6.124407809549032959e-03 8.000502531111610902e-03 1.055173730390960261e-02 1.404721020647840823e-02 1.855152299857636133e-02 2.352428526915766732e-02 2.780417814498678877e-02 3.080927059191850004e-02 3.399934371009691314e-02 3.920734368069064835e-02 4.365836992196388266e-02 4.191511657869420593e-02 3.748581056331668632e-02 3.401019360444128281e-02 2.614088579840744345e-02 1.742169194599958726e-02 1.037480696744820345e-02 4.786232928157366576e-03 1.766858637214817427e-03 4.586093570999290672e-04 7.957248319940124351e-05 8.105688080715515962e-06 4.242709510756758645e-07 9.517693391981897911e-09 7.301991872026724836e-11 1.436868628874181208e-13 5.037032437274220866e-17 1.981612711869930733e-21 6.778266179407367998e-06 1.044391270600269632e-05 1.593664328213417606e-05 2.404803847718954110e-05 3.582541816257065425e-05 5.258583688463823436e-05 7.590390612880874063e-05 3.025553970209155814e+05 1.491591482839366156e-04 2.025717157599307586e-04 2.696959879054563591e-04 3.534410027903883830e-04 4.592518951705249299e-04 5.977911004986251244e-04 7.850320210254119494e-04 1.037841950174082060e-03 1.359814801424391465e-03 1.726990057429317240e-03 2.106333581354809508e-03 2.516368006535412566e-03 3.026476714689470097e-03 3.621066083634719851e-03 4.189450507235796713e-03 4.741599903862760666e-03 5.140996875112674273e-03 5.045584543170511700e-03 4.648110276097723245e-03 3.801884481639646301e-03 2.615842954553697971e-03 1.491839893097425670e-03 6.519664860799405381e-04 2.054499573283473639e-04 4.264976623108337464e-05 5.200647380733352812e-06 3.238362296287624025e-07 8.601352651029452220e-09 7.768726231456849076e-11 1.789794814280171934e-13 7.305047676192487428e-17 3.328982314474299754e-21
2.744839722534871455e-04 4.178502560532622442e-04 6.323927613245156499e-04 9.504039483358591150e-04 1.416563039377838687e-03 2.091018249776809088e-03 3.052841743698848746e-03 4.402338445599058084e-03 1.137974050450319424e+06 8.802494655056180423e-03 1.222288214661208794e-02 1.682899098827353099e-02 2.308735975461442477e-02 3.174594554729875950e-02 4.391345718321863767e-02 6.099966641937194095e-02 8.423391097294374852e-02 1.138002793898233306e-01 1.487066378576644976e-01 1.891522141563116988e-01 2.393252248491858358e-01 3.031140573701631147e-01 3.719028841933278984e-01 4.270456649417606054e-01 4.654549249543921685e-01 4.817051680745949027e-01 4.498534285165282642e-01 3.728764713324164704e-01 2.671418035731918939e-01 1.565981331457181880e-01 7.174744985444315992e-02 2.383808317787019376e-02 5.275945810355162080e-03 6.948479986296541861e-04 4.730425938510558428e-05 1.391692688936539871e-06 1.410240673678191944e-08 3.691934404574535895e-11 1.734333076719694370e-14 9.211049045943614359e-19 1.213410496811109530e-04 1.873893020096748007e-04 2.867298289541498962e-04 4.341014544545166039e-04 6.492533393641624490e-04 9.574601836544173418e-04 1.389575021571921865e-03 1.980293886686852137e-03 1.023868786498381058e+06 3.785740438109142826e-03 5.077819085174962478e-03 6.699774518583528037e-03 8.756413306858116391e-03 1.145572389287964274e-02 1.513397342748047832e-02 2.018522117611071948e-02 2.671403633229897309e-02 3.395531503471463375e-02 4.024037711610357892e-02 4.472388479109053877e-02 4.952203298603332499e-02 5.732570442952213130e-02 6.410779765562991950e-02 6.184558114706394799e-02 5.561117773855079466e-02 5.076412685621104620e-02 3.928739336115014136e-02 2.638654228151000869e-02 1.585084606802191279e-02 7.384486928649091654e-03 2.756230655099744121e-03 7.243424524704278767e-04 1.274460644124487355e-04 1.318790289339526516e-05 7.025974476980375308e-07 1.607809723803707460e-08 1.261440628577578826e-10 2.545561769527867664e-13 9.180233806432974893e-17 3.728665081846045977e-21 9.604917112776477183e-06 1.480451407468847717e-05 2.259972946387997115e-05 3.411799516297107091e-05 5.085308661862810516e-05 7.468697933766381707e-05 1.078752032229955942e-04 1.528864675680437712e-04 1.901204310394217609e+05 2.886093152278891485e-04 3.846425307507277450e-04 5.046701169421464279e-04 6.566184896768176293e-04 8.559624556460728893e-04 1.125942904351674061e-03 1.491333083379678013e-03 1.958121821762922633e-03 2.492764000728856823e-03 3.048450387709557459e-03 3.652853529281426589e-03 4.408240375881258312e-03 5.294420497363176888e-03 6.151774468130834055e-03 6.996211046453700705e-03 7.626802960344720647e-03 7.531115429457529986e-03 6.985690470143920451e-03 5.758257345793368030e-03 3.996539322692445155e-03 2.301699970639829295e-03 1.017042324259648332e-03 3.244943079491800319e-04 6.830935312954306243e-05 8.461420172715013448e-06 5.362764239042631285e-07 1.453013651589192851e-08 1.342070365511930574e-10 3.170807103013022384e-13 1.331380062957811670e-16 6.263918292263205084e-21
3.836261461636178600e-04 5.842346976729000194e-04 8.846083209607439289e-04 1.330131464182195957e-03 1.983683112441773748e-03 2.930053896936158763e-03 4.280936068152246810e-03 6.178374540109233745e-03 8.802494655056180423e-03 7.212739824829291319e+05 1.720776902683924733e-02 2.372359566101941292e-02 3.259416246270979006e-02 4.489288837434023821e-02 6.221589388471374799e-02 8.660594166594923204e-02 1.198777483903714497e-01 1.623886206363681084e-01 2.128377911225307062e-01 2.716437051016265536e-01 3.450092515649199054e-01 4.388435341269643630e-01 5.410380731584121250e-01 6.246399962452622301e-01 6.849923657836605173e-01 7.137966510766303729e-01 6.717744360627300182e-01 5.616912885914570053e-01 4.063765457015928173e-01 2.408577472572218103e-01 1.117294811500002122e-01 3.764394526886142428e-02 8.463431125836775454e-03 1.134523160352642101e-03 7.878861623821993598e-05 2.370440726250301124e-06 2.463315832127803222e-08 6.634271730282883039e-11 3.217565435748687979e-14 1.771316537327460906e-18 1.695894987180669440e-04 2.620061388518165040e-04 4.010855406207492575e-04 6.075437757053151876e-04 9.091814830625361606e-04 1.341647755861183604e-03 1.948571963001004964e-03 2.779204162204094303e-03 3.886836980423662245e-03 6.302571567829225678e+05 7.148718029813137288e-03 9.444579405243496567e-03 1.236208734770217164e-02 1.619988080695451346e-02 2.144157497984517866e-02 2.865851881343005683e-02 3.801816262530189477e-02 4.845292824697344097e-02 5.759442283623444209e-02 6.422849357264438785e-02 7.139055044135586559e-02 8.299520961328263335e-02 9.326294791519028349e-02 9.046157529957953025e-02 8.184086183399634506e-02 7.522290842265041966e-02 5.866859035974112541e-02 3.974799182853624990e-02 2.411233279633673288e-02 1.135780389303736072e-02 4.292169570469392403e-03 1.143846484352514488e-03 2.044431514623738734e-04 2.153273996405810924e-05 1.170226136001260573e-06 2.738548301405458458e-08 2.203401681473179770e-10 4.574281835652980841e-13 1.703133232258841856e-16 7.170351703357744232e-21 1.342408923167502294e-05 2.069954649858419914e-05 3.161312076586366912e-05 4.774961103701840041e-05 7.121208611034827139e-05 1.046556503665476920e-04 1.512711391901521568e-04 2.145654793292705329e-04 2.982443584805798825e-04 1.150484311689116439e+05 5.415122020866438212e-04 7.114264785617500442e-04 9.269977145943575792e-04 1.210442036344228567e-03 1.595218157502755222e-03 2.117360857938449439e-03 2.786707067921721879e-03 3.557078328988292314e-03 4.363123638688892574e-03 5.245905639082623119e-03 6.354882623674376965e-03 7.665174694883029015e-03 8.949498232480590509e-03 1.023336284746945331e-02 1.122407675390750710e-02 1.115969960194794323e-02 1.043186064306565394e-02 8.674087096572233313e-03 6.079542112065459622e-03 3.540158868142172580e-03 1.583800001639830857e-03 5.124256794202261892e-04 1.095787421333336821e-04 1.381550666383476054e-05 8.932066141574922654e-07 2.474887425151764076e-08 2.344240412930737647e-10 5.697824939585749720e-13 2.469999869068011748e-16 1.204573116939380020e-20
5.296629855986796816e-04 8.070050044775054594e-04 1.222537267337239037e-03 1.839313288530019510e-03 2.744826093557891158e-03 4.057278423502628031e-03 5.932726101691495647e-03 8.570197032420278152e-03 1.222288214661208794e-02 1.720776902683924733e-02 4.476821768649133737e+05 3.307278904749278575e-02 4.551492790462632887e-02 6.280670592411187469e-02 8.722607389863976102e-02 1.217093804392508777e-01 1.689178688334761202e-01 2.295084780248604628e-01 3.018295184694786415e-01 3.866933135178113878e-01 4.932409422775708707e-01 6.304239981341456245e-01 7.814623354271236222e-01 9.077424432314891156e-01 1.002313738877634419e+00 1.052571716667829005e+00 9.992655910253886997e-01 8.437411309716739138e-01 6.172021437148221823e-01 3.703792811173177157e-01 1.742273520776121687e-01 5.963016666081692035e-02 1.364566707396816340e-02 1.865955762779818779e-03 1.325177273264882267e-04 4.088657327926202811e-06 4.371033442780821709e-08 1.215382247077724740e-10 6.109972030346668664e-14 3.502309085018117109e-18 2.341479617994651102e-04 3.619098045690274977e-04 5.543041018045429154e-04 8.401149586409771336e-04 1.258036146417494585e-03 1.857794662920122077e-03 2.700424290828060299e-03 3.855112231993385388e-03 5.397146172366384421e-03 7.400646022219205949e-03 3.766011999239810975e+05 1.316657840468736171e-02 1.726258544072372531e-02 2.266419441235182491e-02 3.006087812803601156e-02 4.027449505188585022e-02 5.357080103571847801e-02 6.847990810090150149e-02 8.167580023972526027e-02 9.143127020952486472e-02 1.020631829717264238e-01 1.192273961025240719e-01 1.347067511555394559e-01 1.314610205472132864e-01 1.197534809369075054e-01 1.109244568908405448e-01 8.726962574529810446e-02 5.970720262256903887e-02 3.662165951573496947e-02 1.746547615295159991e-02 6.693070899765678379e-03 1.811918384461963603e-03 3.296255548050647938e-04 3.541500220399618719e-05 1.968250178833811792e-06 4.723588089094856325e-08 3.909828497013887882e-10 8.379971701800770839e-13 3.234152224983132772e-16 1.417747047703557160e-20 1.853430286881315795e-05 2.859234085429967009e-05 4.368963908357378234e-05 6.602843137503399947e-05 9.853629892113768634e-05 1.449178503418773649e-04 2.096387849803568130e-04 2.976298089845225386e-04 4.141332414790076482e-04 5.641948822522810641e-04 6.729167828892378020e+04 9.917913871266155999e-04 1.294472106647523131e-03 1.693450338524188923e-03 2.236480233630054430e-03 2.975577347568175712e-03 3.926705542079823689e-03 5.027320450793230054e-03 6.187432692017168917e-03 7.467710813396960697e-03 9.085229683397920072e-03 1.101146468332555098e-02 1.292643925930789944e-02 1.487137847315957336e-02 1.642360834750040272e-02 1.645620520886779611e-02 1.551741005817923978e-02 1.302972683689218245e-02 9.233570352573210183e-03 5.443883418968083372e-03 2.469726679709234856e-03 8.117116430510267150e-04 1.766748037886161878e-04 2.272243104062554258e-05 1.502319956772127886e-06 4.268812332905676323e-08 4.159739936387884546e-10 1.043827500601026663e-12 4.690387939679569881e-16 2.381724148181121713e-20
7.245982220809046815e-04 1.104577195219033463e-03 1.674295101648358474e-03 2.520617831077695114e-03 3.764287573967728222e-03 5.568768010343257482e-03 8.150413283727172414e-03 1.178602665615660107e-02 1.682899098827353099e-02 2.372359566101941292e-02 3.307278904749278575e-02 2.741228084327023244e+05 6.306538987865908941e-02 8.720868825066320495e-02 1.214035668755205216e-01 1.698516718607368525e-01 2.364435611053513631e-01 3.223446442677402879e-01 4.255371553630990511e-01 5.475248039797491195e-01 7.017637162863726852e-01 9.018238532325399959e-01 1.124733581398228877e+00 1.315495456022205412e+00 1.463826588957213071e+00 1.550664748625236733e+00 1.486624286799148598e+00 1.269161152072410204e+00 9.399878676492243734e-01 5.720104944920463286e-01 2.733354647036106422e-01 9.521888422253116380e-02 2.222754543575706024e-02 3.108283389986392885e-03 2.263780688553642068e-04 7.185442243912709218e-06 7.930718229741871366e-08 2.285775011917721565e-10 1.196482287141106330e-13 7.177400440673004360e-18 3.203229250237094863e-04 4.953591546956359788e-04 7.591332119439840077e-04 1.151303999221329815e-03 1.725285927832040161e-03 2.549893403599520249e-03 3.709858441870314549e-03 5.301681554912614919e-03 7.431023485923450925e-03 1.020294575012139875e-02 1.373961046264959157e-02 2.201252044820999436e+05 2.391900264928791681e-02 3.146980303898436887e-02 4.183952876745038879e-02 5.620511987836630113e-02 7.498597428220266092e-02 9.618002701356226369e-02 1.151513870222470870e-01 1.294588930014786698e-01 1.452114624700970302e-01 1.705552296268730283e-01 1.938790902607988031e-01 1.905126024054372147e-01 1.748936712290511120e-01 1.634156061171345986e-01 1.298324952825641032e-01 8.981198057775445498e-02 5.577413492244314569e-02 2.697352730058464806e-02 1.050038138596462965e-02 2.893314852734234482e-03 5.369299248252567495e-04 5.899382252397061474e-05 3.362332598799114030e-06 8.301275131667797159e-08 7.093916928877438172e-10 1.576025152795313626e-12 6.333262790551206085e-16 2.905436966851177707e-20 2.535560020504574292e-05 3.913538019015995716e-05 5.983404405309952350e-05 9.048618444713872903e-05 1.351338674913340923e-04 1.989052278090561318e-04 2.880029700682067368e-04 4.093106435112770576e-04 5.701964974542851486e-04 7.778307135395171566e-04 1.040769364019320745e-03 3.836092048993920616e+04 1.793617871126570572e-03 2.351398317542386252e-03 3.112792602872387505e-03 4.152570536563174493e-03 5.496424079898607450e-03 7.060871285789026806e-03 8.723409559518871884e-03 1.057364261638388085e-02 1.292610568071755894e-02 1.575194082052952874e-02 1.860460787902410915e-02 2.155152152694805173e-02 2.398581766684309766e-02 2.424353315735852318e-02 2.308551286854481147e-02 1.959940379397488025e-02 1.406256312439951341e-02 8.407485529555412673e-03 3.874614873263480374e-03 1.296160673194022856e-03 2.877871200636689824e-04 3.785071242978958555e-05 2.566390908433346031e-06 7.502048229547702205e-08 7.547351393291755308e-10 1.963131206962391558e-12 9.184929262807870001e-16 4.880947836341032953e-20
9.869095599771393178e-04 1.505310945612579497e-03 2.283197863557126679e-03 3.439815995458834000e-03 5.141233819679705448e-03 7.612804999723878259e-03 1.115363660056696918e-02 1.614775381517058808e-02 2.308735975461442477e-02 3.259416246270979006e-02 4.551492790462632887e-02 6.306538987865908941e-02 1.674594138054176001e+05 1.207828082101237016e-01 1.685921961823666770e-01 2.365821484049597523e-01 3.304528217119443445e-01 4.522269927132950285e-01 5.995630620929846000e-01 7.751680007750804124e-01 9.989416895276481689e-01 1.291586736437376093e+00 1.621946852730360433e+00 1.911769582613316532e+00 2.145932694851414357e+00 2.295611817198409899e+00 2.225199840389902928e+00 1.923409867516936878e+00 1.444574045328350431e+00 8.929844404693588755e-01 4.343234677291034629e-01 1.543405596336530350e-01 3.684436007192692930e-02 5.283737414612255275e-03 3.958834871525579620e-04 1.297305146029817342e-05 1.484203186012036476e-07 4.454108368917323474e-10 2.439940450632467788e-13 1.540496153999742381e-17 4.362828217793253286e-04 6.750723813602472860e-04 1.035212565550339397e-03 1.571152065707649313e-03 2.356381702112647809e-03 3.485841251714994708e-03 5.076848432064391334e-03 7.263707358954592935e-03 1.019447408843755613e-02 1.401796237507536153e-02 1.890851656771757802e-02 2.510690583933350775e-02 1.275324890630803129e+05 4.358523515389661762e-02 5.810223063192454518e-02 7.828670666889087082e-02 1.048001758835476194e-01 1.349338515433795016e-01 1.622432197451770530e-01 1.832837353505959166e-01 2.067045934296563581e-01 2.442681812268477637e-01 2.795876156447650862e-01 2.768661774663488950e-01 2.563896912682633866e-01 2.419212772133496336e-01 1.943350787052068318e-01 1.361097835230908881e-01 8.571373150921264561e-02 4.210926270747377548e-02 1.668485302840412923e-02 4.689782254996176930e-03 8.900145785701605921e-04 1.002829627134684464e-04 5.879951008106564981e-06 1.498764666300866414e-07 1.327599065070718894e-09 3.071075143480697074e-12 1.291517996816691540e-15 6.235982665477740425e-20 3.453456478192124798e-05 5.333345321263461604e-05 8.159431477493013908e-05 1.234839414336080148e-04 1.845647539086021222e-04 2.719141307239808470e-04 3.941248567650268539e-04 5.607867433336077411e-04 7.822412928214825907e-04 1.068671925109984698e-03 1.432311695897758169e-03 1.891213662616029632e-03 2.162901447354190532e+04 3.256653639795686027e-03 4.322711059359319458e-03 5.784011709633049732e-03 7.681786038227896019e-03 9.905908611454445831e-03 1.229089888269224197e-02 1.496982300760868467e-02 1.839996219245920717e-02 2.255983556435865733e-02 2.682918487963370166e-02 3.132017151837270669e-02 3.516260104326317942e-02 3.589024723494507740e-02 3.455471567803421185e-02 2.970283686450984895e-02 2.161135733709260154e-02 1.312520283046776474e-02 6.156669679491927165e-03 2.100950513223521707e-03 4.770356810802550761e-04 6.434201787369326329e-05 4.488030962382420483e-06 1.354467191243677250e-07 1.412457568075848681e-09 3.825397990888834859e-12 1.873047406165218958e-15 1.047605108828466197e-19
