1.628298496275180392e+07 2.583846775474888698e-05 3.917939280871358780e-05 5.889858995249462283e-05 8.765657106790874316e-05 1.289390759119608332e-04 1.871627327550010663e-04 2.676347837219730536e-04 3.766409257155971940e-04 5.213407669157425197e-04 7.108741959216129287e-04 9.580176128206203392e-04 1.283355868209150319e-03 1.721751471938429839e-03 2.325576681059060482e-03 3.157749636227900718e-03 4.256559267214300203e-03 5.577838936397475078e-03 6.992536838439230955e-03 8.453059744957471325e-03 1.018125847077567397e-02 1.239930211880879707e-02 1.460561830354710662e-02 1.583893446354624548e-02 1.627291313995797226e-02 1.603729391430151752e-02 1.411626337399803782e-02 1.098887053799353988e-02 7.405764833170506121e-03 4.050319684958972495e-03 1.728351052478345170e-03 5.308783768570606758e-04 1.079794070006393717e-04 1.295927282755561757e-05 7.964014219080950006e-07 2.091667147232292462e-08 1.868122753283794592e-10 4.247721106840816511e-13 1.704327501104557995e-16 7.585466989806004316e-21 1.816550053494349867e+07 1.415845164489373451e-05 2.161640154901821613e-05 3.264536094390288918e-05 4.868880069052606695e-05 7.157619839651230644e-05 1.035122011454409552e-04 1.469286713590328469e-04 2.043748992792603569e-04 2.782065673191511015e-04 3.710208856478065657e-04 4.863579949290965532e-04 6.310036520629401990e-04 8.187424540761238309e-04 1.071767647668984145e-03 1.415072711986095156e-03 1.851745181307940793e-03 2.323795731849463871e-03 2.713634348739871107e-03 2.964969938876803150e-03 3.221102792157438163e-03 3.653633386576485981e-03 3.993752118062981853e-03 3.749870368054362794e-03 3.271224477842382943e-03 2.890092558312327715e-03 2.152782015665043267e-03 1.386163260864909687e-03 7.936747910368882998e-04 3.504721371037877427e-04 1.230931435487834917e-04 3.023279006221820436e-05 4.925665959944766983e-06 4.676492697100516035e-07 2.261113982248064287e-08 4.639105101291178797e-10 3.218878240144014474e-12 5.656912548008245517e-15 1.746178257825409108e-18 5.953243266594547228e-23 3.882946216950462665e+06 1.153955481594710366e-06 1.757352897709396258e-06 2.645812932885073668e-06 3.931448009888131138e-06 5.753835460933952252e-06 8.277607265231021191e-06 1.167850861782651643e-05 1.613495523047849580e-05 2.180550611497574024e-05 2.886983085370403105e-05 3.759694483582593514e-05 4.850652877014250531e-05 6.263664551296133586e-05 8.151991114110573671e-05 1.066893943192982909e-04 1.382419871451594717e-04 1.735514517935634769e-04 2.093669800899465388e-04 2.476435963736146905e-04 2.945075971600610962e-04 3.469292108991928018e-04 3.947231611508501868e-04 4.407611112851687603e-04 4.700449309568857192e-04 4.510989291657009604e-04 4.058572042177834450e-04 3.224643000937744367e-04 2.147904712200671661e-04 1.177453916811285219e-04 4.924102387567801716e-05 1.472406711907921371e-05 2.881011249957190501e-06 3.282086270828612573e-07 1.891526021269236308e-08 4.603179083286269932e-10 3.766193829929484629e-12 7.760803685374735294e-15 2.792881388107411995e-18 1.104316503801802224e-22
2.583846775474888698e-05 1.223616930834399350e+07 5.986448130067816714e-05 9.001249861451072814e-05 1.339922323791887138e-04 1.971465171849149430e-04 2.862510297543767587e-04 4.094574644711770754e-04 5.764341029594252912e-04 7.982139419486342004e-04 1.088899577224903669e-03 1.468218789170314250e-03 1.967951721146420259e-03 2.641917173066990129e-03 3.571051091658697125e-03 4.852878829391780655e-03 6.547589696521360046e-03 8.588948945827486539e-03 1.077994775104374262e-02 1.304870230490664737e-02 1.573975498987260566e-02 1.920071815302704099e-02 2.265972379822865646e-02 2.462505102396387452e-02 2.535991929983534565e-02 2.505960967605750864e-02 2.212427714487710459e-02 1.728113337480510422e-02 1.169077040852599045e-02 6.421313564322809510e-03 2.753348525134649387e-03 8.503181654830962739e-04 1.740123165448346696e-04 2.102832993193901411e-05 1.302313114909528877e-06 3.450295030274316619e-08 3.111882138417793255e-10 7.154198457002009835e-13 2.906332601330514063e-16 1.311707719348843078e-20 1.403137797498091918e-05 1.376165816970154271e+07 3.302896174622060209e-05 4.989067665462512484e-05 7.442592171823379408e-05 1.094392691075576966e-04 1.583139641843731710e-04 2.247878261417825079e-04 3.127877341253697328e-04 4.259562552331682718e-04 5.683206506036335556e-04 7.453724616979507094e-04 9.676074687372408561e-04 1.256307768569791487e-03 1.645758258321476826e-03 2.174705786444342242e-03 2.848419793682279658e-03 3.578260887231289513e-03 4.183436880024047136e-03 4.576923769937854027e-03 4.979676028388857825e-03 5.657768817789267379e-03 6.196062229828352107e-03 5.829984924750696886e-03 5.097918735031304813e-03 4.516010732608672501e-03 3.374033530347136239e-03 2.179884830514630580e-03 1.252898244822443470e-03 5.556330519437878510e-04 1.960934526340834204e-04 4.842444466345768237e-05 7.937870451640380111e-06 7.588298561770591416e-07 3.697480080248754510e-08 7.652403632712211700e-10 5.361944060495133505e-12 9.527620576873369411e-15 2.977699294979083830e-18 1.029457403011294218e-22 1.145965824060120098e-06 2.954179991916660219e+06 2.685162074799162454e-06 4.043496340874375357e-06 6.009629271484086962e-06 8.797555074403647340e-06 1.265996477341655379e-05 1.786708162877500154e-05 2.469391351165692614e-05 3.338595424867829152e-05 4.422209554307586970e-05 5.761954695262500823e-05 7.438194591594238085e-05 9.611191402537080052e-05 1.251783138536606576e-04 1.639619230963589112e-04 2.126487037617732915e-04 2.672405166098068227e-04 3.227677105333928188e-04 3.822790402875610649e-04 4.552951322531646207e-04 5.372310420134701701e-04 6.123888508211773520e-04 6.852585241612398070e-04 7.325241285220849240e-04 7.048797104166763848e-04 6.360959008386713864e-04 5.071084020206490135e-04 3.390691092060904620e-04 1.866717048400566700e-04 7.844338120418785257e-05 2.358382312586912883e-05 4.642843070936775666e-06 5.325668645644940598e-07 3.093112439188787360e-08 7.593142118974759919e-10 6.273651604839926807e-12 1.307108643775753647e-14 4.762607083817646034e-18 1.909625978977723886e-22
3.917939280871358780e-05 5.986448130067816714e-05 9.061997545963823795e+06 1.365696380887438841e-04 2.033482199645578583e-04 2.992767546296071874e-04 4.346798316830270703e-04 6.219953634538365498e-04 8.759987485959983521e-04 1.213586075531598992e-03 1.656385079460473593e-03 2.234674705435572232e-03 2.997225172262561049e-03 4.026621370665292056e-03 5.447208691896678230e-03 7.409321094335656437e-03 1.000717984435567191e-02 1.314250378100570611e-02 1.651681243992740925e-02 2.002257939531025890e-02 2.419214600267727625e-02 2.956707305027469687e-02 3.496729082813250511e-02 3.809043184797926418e-02 3.933211292692907757e-02 3.898341096407997169e-02 3.453380654660692661e-02 2.707706784416252441e-02 1.839644486841571572e-02 1.015334877502409652e-02 4.377274739730943609e-03 1.360118363204429427e-03 2.802594946372404428e-04 3.413063483872393468e-05 2.132235982867483258e-06 5.704665169352123461e-08 5.202167423890854241e-10 1.210903240830465497e-12 4.988342467702232843e-16 2.287022083175207324e-20 2.127606306021269562e-05 3.280335241963090352e-05 1.025127349241287261e+07 7.569561738203206666e-05 1.129496720212491874e-04 1.661334410327195712e-04 2.404039816512972048e-04 3.414688893305007798e-04 4.753390929913257641e-04 6.476140705768603520e-04 8.645038217465462159e-04 1.134480091503199542e-03 1.473683236740714860e-03 1.914774528371513806e-03 2.510406168769062276e-03 3.320316460383446883e-03 4.353456839658899173e-03 5.475327369678677746e-03 6.409775250992485844e-03 7.023060027616980991e-03 7.653807165507245380e-03 8.712364954472751055e-03 9.561436490084302547e-03 9.017916073954881234e-03 7.906646429267643814e-03 7.025229226761710126e-03 5.266532346154103629e-03 3.415568190357251999e-03 1.971544447558522348e-03 8.785641926382573149e-04 3.117494603411396646e-04 7.745686154702622402e-05 1.278451781715937846e-05 1.231640591988392961e-06 6.053766934221372457e-08 1.265236743012271074e-09 8.963620561290002431e-12 1.612623231418383555e-14 5.110834129029529518e-18 1.794905816018064115e-22 1.737651225775982866e-06 2.673569772226340066e-06 2.206925582043700852e+06 6.134912821955056903e-06 9.120285506885820591e-06 1.335506083971651636e-05 1.922449453384933760e-05 2.714138316150191624e-05 3.752699089642850129e-05 5.075923516898215400e-05 6.726866349484990283e-05 8.769874426307457745e-05 1.132850152092464163e-04 1.464869114503046142e-04 1.909444535401233652e-04 2.503352294946855922e-04 3.250072043066108956e-04 4.089219207303050651e-04 4.945379940295778053e-04 5.865880189819734115e-04 6.997927426992284769e-04 8.272789245428957767e-04 9.450061808892783535e-04 1.059969097623781253e-03 1.136112516924216859e-03 1.096530065177696647e-03 9.928827342383377171e-04 7.945664389048104131e-04 5.335547578236236183e-04 2.951643626625063575e-04 1.247093231785411673e-04 3.772328077906687155e-05 7.477636517789225913e-06 8.643979450810725885e-07 5.064254952505421475e-08 1.255438534733420107e-09 1.048773203991993198e-11 2.212382145083580402e-14 8.174396544397878663e-18 3.329519770376260457e-22
5.889858995249462283e-05 9.001249861451072814e-05 1.365696380887438841e-04 6.597478239237592556e+06 3.059875307664584767e-04 4.504793582277614138e-04 6.545266318729758186e-04 9.369586907628490438e-04 1.320183312450517663e-03 1.829883928068713706e-03 2.498988875206461721e-03 3.373639881462288902e-03 4.528146247459651115e-03 6.088330530749766489e-03 8.243895156289163251e-03 1.122504631399447866e-02 1.517851456001494820e-02 1.996030481795706829e-02 2.512224320952790094e-02 3.050534415318456941e-02 3.692706015223862215e-02 4.522672969261085779e-02 5.361424819001673475e-02 5.855915267388386858e-02 6.065020718988476528e-02 6.031629759872032120e-02 5.363562432731636131e-02 4.223494005778400534e-02 2.883359590171526501e-02 1.600042060848508654e-02 6.940304583453582761e-03 2.171383470376759932e-03 4.508991284328186817e-04 5.539157291286696705e-05 3.494529183990219466e-06 9.453025330650029274e-08 8.727950224599643865e-10 2.060154859638432326e-12 8.621225857821828256e-16 4.023097299927824550e-20 3.198441895475691781e-05 4.932326565050994662e-05 7.534941010300233834e-05 7.488895969366918318e+06 1.699606283678664262e-04 2.500684892457241118e-04 3.619924296690581449e-04 5.143804315626476428e-04 7.163648798908566146e-04 9.764932238701337381e-04 1.304277284254324026e-03 1.712699961256408925e-03 2.226410374551295642e-03 2.895176662378894962e-03 3.799289953003008070e-03 5.030245763463462617e-03 6.603159836727593400e-03 8.315706436001980145e-03 9.749334707257454116e-03 1.069996322257610842e-02 1.168282456475927544e-02 1.332670887339165375e-02 1.466025010493614625e-02 1.386388913317113114e-02 1.219206669631836548e-02 1.086964445289369426e-02 8.179629721523869190e-03 5.327619615730001291e-03 3.090092477637962180e-03 1.384508394742194016e-03 4.942884185121503449e-04 1.236572884982031903e-04 2.056853755713946086e-05 1.998864362644898845e-06 9.921540296051910424e-08 2.096584922322876404e-09 1.503873822511916407e-11 2.743616066874126788e-14 8.832925091553241777e-18 3.157416272964697997e-22 2.612220345708560168e-06 4.019991323562924989e-06 6.125695985288491594e-06 1.614417754806529963e+06 1.372371807642824665e-05 2.010239399853819335e-05 2.894761325360144352e-05 4.088511961131535818e-05 5.655545424848077937e-05 7.653639944417952917e-05 1.014882612794318074e-04 1.323968900173334710e-04 1.711486748678025735e-04 2.214910847678660502e-04 2.889784740579866154e-04 3.792553338322070494e-04 4.929587215782943411e-04 6.210541248858419093e-04 7.521974235373537565e-04 8.936945156711955220e-04 1.068168516381088045e-03 1.265431997177270682e-03 1.448948280618156566e-03 1.629566513319613422e-03 1.751888073505923193e-03 1.696584062337271742e-03 1.542079795426390789e-03 1.239368535478495119e-03 8.362649625274471516e-04 4.651424919877555344e-04 1.977304918513348537e-04 6.022395590561966999e-05 1.203049264387190601e-05 1.402855880851255182e-06 8.299825567570427960e-08 2.080348612512342289e-09 1.759582031000788396e-11 3.764008282317717076e-14 1.412760236831019339e-17 5.856953501585783619e-22
8.765657106790874316e-05 1.339922323791887138e-04 2.033482199645578583e-04 3.059875307664584767e-04 4.708937120430685580e+06 6.713959457316325246e-04 9.759028931879461938e-04 1.397645993116524441e-03 1.970303748698339508e-03 2.732577843293065942e-03 3.734175442263642109e-03 5.044821247343993058e-03 6.776787374417139916e-03 9.120164138042098634e-03 1.236198386197012028e-02 1.685200949634096251e-02 2.281730338789940762e-02 3.005005939152253711e-02 3.788439072310615524e-02 4.608846615072056951e-02 5.590846541276412590e-02 6.863717606581512531e-02 8.158401882986685005e-02 8.937700188033169402e-02 9.288233286180891390e-02 9.272344325058640147e-02 8.280748147598654407e-02 6.552134038834857288e-02 4.497455645081451653e-02 2.511031209302552747e-02 1.096691154329034780e-02 3.457813579967655617e-03 7.243103882418758591e-04 8.985517372851662516e-05 5.731592706019138613e-06 1.569801515862063948e-07 1.469767612711580027e-09 3.524184323722357452e-12 1.501084663555880734e-15 7.145561670464565279e-20 4.760121584293834450e-05 7.342240882621352673e-05 1.121930806455571553e-04 1.695978357760590471e-04 5.349529900611384772e+06 3.727029147247323576e-04 5.397327506984117606e-04 7.672928979673097069e-04 1.069136683499545635e-03 1.458203827435957571e-03 1.948948333898616698e-03 2.561110687109402050e-03 3.332027918708471270e-03 4.336900934692313435e-03 5.697156525594343317e-03 7.551839609706654383e-03 9.926287629641239105e-03 1.251922125254906898e-02 1.470201535187756585e-02 1.616585245920501221e-02 1.768807997196165244e-02 2.022493489000352224e-02 2.230828857979542945e-02 2.116002005740708417e-02 1.867145471763011211e-02 1.670976005999617528e-02 1.262844508925672210e-02 8.265023646873939644e-03 4.819916983212572600e-03 2.172782749783091355e-03 7.810633233042007118e-04 1.969177058149358065e-04 3.304066138996540738e-05 3.242520389296918117e-06 1.627292977086931370e-07 3.481660181872887170e-09 2.532490425647641231e-11 4.693340739874063762e-14 1.537944673754134244e-17 5.607995784293457567e-22 3.887669952087558128e-06 5.984142423331547605e-06 9.120983200109395621e-06 1.374541847022902417e-05 1.152881319812342292e+06 2.996067540856014276e-05 4.316105433973829134e-05 6.098766590907049053e-05 8.440602336374081053e-05 1.142923144569742632e-04 1.516513245447641798e-04 1.979816066059200501e-04 2.561397348071592470e-04 3.317880062512261691e-04 4.333324435884272521e-04 5.693708790591149203e-04 7.410467383675190152e-04 9.349913995992636517e-04 1.134315150782205187e-03 1.350222742210781864e-03 1.617233061795071269e-03 1.920450127168112824e-03 2.204843447407818426e-03 2.487156365396788697e-03 2.682916657985443074e-03 2.608136147058816561e-03 2.380800926544433815e-03 1.922699252528694940e-03 1.304403581614722082e-03 7.299728817970124262e-04 3.124492286282070947e-04 9.590347140926351957e-05 1.932541060327686553e-05 2.275686575794628906e-06 1.361305548749166498e-07 3.454697613953024984e-09 2.963097422101592469e-11 6.438864981845733910e-14 2.459827360704838107e-17 1.040273682850659058e-21
1.289390759119608332e-04 1.971465171849149430e-04 2.992767546296071874e-04 4.504793582277614138e-04 6.713959457316325246e-04 3.284865493496750947e+06 1.438489232096165030e-03 2.061196509949678787e-03 2.907404466875002352e-03 4.034838983102457741e-03 5.517788488830141329e-03 7.460577858072246424e-03 1.003116934231332129e-02 1.351392912092147514e-02 1.833897235277128987e-02 2.503283348256857277e-02 3.394421365328890300e-02 4.477859841611965541e-02 5.655876304955956280e-02 6.895223734573685537e-02 8.384266289523362170e-02 1.032066190786377208e-01 1.230436945684690864e-01 1.352539253501584271e-01 1.410948817396311672e-01 1.414585025246804517e-01 1.269415325374768921e-01 1.009890122553337294e-01 6.974464532259395944e-02 3.920858691721213624e-02 1.725729243533099741e-02 5.488708464237073391e-03 1.161040513685525225e-03 1.456307236672854655e-04 9.405296987349860767e-06 2.612187977774569028e-07 2.484452460470517947e-09 6.063425556110407015e-12 2.634536945094605098e-15 1.282501866622994626e-19 7.001935745717607711e-05 1.080284425924913868e-04 1.651196212750341878e-04 2.496844365711360842e-04 3.729265585899971605e-04 3.723800088994524442e+06 7.955707022786587300e-04 1.131575127885432828e-03 1.577631251709308256e-03 2.153138166837137608e-03 2.879855231330938955e-03 3.787520855051164804e-03 4.932150657708253907e-03 6.426262833518697933e-03 8.451717554308010166e-03 1.121788730761746726e-02 1.476686453068020051e-02 1.865531024902383414e-02 2.194908738840219489e-02 2.418548041972189491e-02 2.652578129991984765e-02 3.041132037660346926e-02 3.364499917663710260e-02 3.202138931762713026e-02 2.836327010875631244e-02 2.549234101720898246e-02 1.935904998705340746e-02 1.273900334482783170e-02 7.474523975487029105e-03 3.392699420918460565e-03 1.229064183436280686e-03 3.125743634434722910e-04 5.296285555952085172e-05 5.255240975060033648e-06 2.670317749350592640e-07 5.793567389180631320e-09 4.280848220291402949e-11 8.074981207460953572e-14 2.699229537738795571e-17 1.006535999975862242e-21 5.718596620492081034e-06 8.804636031137184074e-06 1.342376270436828012e-05 2.023620791190600159e-05 3.011249724391665435e-05 8.007850864301794209e+05 6.361976416609914787e-05 8.994234930795713928e-05 1.245505671503788984e-04 1.687604570797021078e-04 2.240869358783236453e-04 2.927868239786179331e-04 3.791444106458820859e-04 4.916314587966930973e-04 6.428476036904084197e-04 8.457725120796560827e-04 1.102419877870401037e-03 1.393261951987769236e-03 1.693453705129457790e-03 2.020047243188064379e-03 2.425270044921573609e-03 2.887694047087643358e-03 3.325309142711924560e-03 3.763805613327205271e-03 4.075541568695805091e-03 3.978961746991602731e-03 3.649700641720848848e-03 2.963484831446918429e-03 2.022814060584079369e-03 1.139818775533882030e-03 4.916632808011890893e-04 1.522309352717235366e-04 3.097785841298672120e-05 3.688267120535562482e-06 2.233843825481068606e-07 5.748701019095929026e-09 5.008733773479037928e-11 1.107818856705849487e-13 4.317215555970004873e-17 1.867107166073913038e-21
1.871627327550010663e-04 2.862510297543767587e-04 4.346798316830270703e-04 6.545266318729758186e-04 9.759028931879461938e-04 1.438489232096165030e-03 2.233103017168725375e+06 3.000661499621187691e-03 4.235302716605036412e-03 5.881957421469912080e-03 8.050392798554500268e-03 1.089495666933659561e-02 1.466411582352996311e-02 1.977852033400281581e-02 2.687562972017225674e-02 3.673979965131251441e-02 4.990180461468694817e-02 6.595313279584365251e-02 8.347979011741306354e-02 1.020143324500564774e-01 1.243765612989264774e-01 1.535632013589737221e-01 1.836998478732173867e-01 2.026998191038763830e-01 2.123616560845932588e-01 2.139383072832611588e-01 1.930280512640434043e-01 1.545053220246326575e-01 1.074398239351904427e-01 6.086881492798299625e-02 2.702505487448974772e-02 8.679968755591562987e-03 1.856447327898033814e-03 2.357629395841954513e-04 1.544036397652748404e-05 4.356239835242269720e-07 4.217115188816592701e-09 1.049886842784037300e-11 4.664995887271361510e-15 2.328874498611862414e-19 1.016372592617493061e-04 1.568541680391825302e-04 2.398254059932808391e-04 3.627804699929890729e-04 5.420647976627413931e-04 7.985289947173467495e-04 2.517656746733775828e+06 1.647331491094769593e-03 2.298182451837274803e-03 3.138828357938522329e-03 4.201677150568245388e-03 5.531056224464312929e-03 7.210089475675630216e-03 9.405256531027996608e-03 1.238593019934058383e-02 1.646409434552664405e-02 2.170894857392448307e-02 2.747687952999025573e-02 3.239648658594278252e-02 3.578224195439229371e-02 3.934972184714512211e-02 4.524961437818530302e-02 5.023078388631693064e-02 4.798921587919899312e-02 4.268950750024475688e-02 3.855398006180510428e-02 2.943748683844587058e-02 1.948968278934270007e-02 1.151431104439973839e-02 5.266948120170722794e-03 1.924724120316405980e-03 4.943122277611050131e-04 8.468503081706700380e-05 8.507758729086055787e-06 4.383772042329994482e-07 9.661697115079238022e-09 7.266321387928838777e-11 1.398189265620340448e-13 4.779547584556909843e-17 1.827752522848879310e-21 8.300882904928018018e-06 1.278407636368001927e-05 1.949713374869123657e-05 2.940231725282379461e-05 4.376981030087827605e-05 6.419179209456997057e-05 5.391033798993832897e+05 1.309368337521861145e-04 1.814365223059888127e-04 2.460177040837820128e-04 3.269403781056266800e-04 4.275673843612923133e-04 5.542541813248916347e-04 7.195348382871218735e-04 9.420884568089038513e-04 1.241310244245089891e-03 1.620680977050871626e-03 2.052096175162253407e-03 2.499509399699707812e-03 2.988645168946766142e-03 3.597771563929973507e-03 4.296657969952005600e-03 4.964567959292542562e-03 5.640669688428272786e-03 6.134090381584273756e-03 6.017682399456418356e-03 5.549756557102511999e-03 4.533900945977791322e-03 3.116092791318221880e-03 1.769495499695125391e-03 7.699485416507601682e-04 2.407414732268368040e-04 4.953208936029376798e-05 5.970970111333297919e-06 3.667227284639408963e-07 9.586875291271515768e-09 8.501835961424203775e-11 1.918196951674338416e-13 7.644528519732261067e-17 3.390449853063035355e-21
2.676347837219730536e-04 4.094574644711770754e-04 6.219953634538365498e-04 9.369586907628490438e-04 1.397645993116524441e-03 2.061196509949678787e-03 3.000661499621187691e-03 1.474885973657707218e+06 6.080584885192460119e-03 8.451603792908813501e-03 1.157804790385783683e-02 1.568538048871211121e-02 2.113650974416917891e-02 2.854583044724627594e-02 3.884638881915538494e-02 5.319275857322168510e-02 7.238463946920697945e-02 9.586986278968750996e-02 1.216352377885348002e-01 1.490389920531255130e-01 1.822566494578445051e-01 2.257885016708327530e-01 2.711299601690665972e-01 3.004577670497672881e-01 3.163011952204136668e-01 3.203837459903017826e-01 2.908405624526355093e-01 2.344029602468468421e-01 1.642646733665695524e-01 9.387587606437904075e-02 4.209008602174068442e-02 1.366843052933452464e-02 2.959854703756746933e-03 3.811762108294672173e-04 2.535888300668051726e-05 7.282186301862313095e-07 7.191262428772646892e-09 1.830858141986162223e-11 8.342660590045747280e-15 4.284615089625237578e-19 1.453369776141267286e-04 2.243663891520991758e-04 3.431727899329617480e-04 5.193223585513762107e-04 7.763218018423717528e-04 1.144204030367735030e-03 1.659545531025963987e-03 1.647177515744276578e+06 3.299479261604680320e-03 4.510085972130945670e-03 6.042837976124464799e-03 7.963016652407201024e-03 1.039245245283834836e-02 1.357436520597621148e-02 1.790278648054759517e-02 2.383710863858933687e-02 3.148973124143471247e-02 3.994055412929446019e-02 4.720369258058625117e-02 5.227647082721988830e-02 5.766157534876882595e-02 6.653184188150809697e-02 7.413762500096061914e-02 7.113342631127006488e-02 6.358371136604565321e-02 5.773659103828465700e-02 4.435425407457594532e-02 2.956816813964253249e-02 1.760422228437687198e-02 8.123032616154223645e-03 2.997655478165472172e-03 7.783982333577854846e-04 1.350188518871073653e-04 1.375515270009697508e-05 7.199801929436424818e-07 1.615114893697300434e-08 1.239094064373027000e-10 2.438249625274353475e-13 8.547519491009534729e-17 3.362661252964357937e-21 1.186991111029538529e-05 1.828652109293692519e-05 2.789898658368969591e-05 4.208958862341007415e-05 6.268523273525272819e-05 9.197976243446621004e-05 1.327096322229760718e-04 3.503467784527361509e+05 2.604867347097264744e-04 3.534952758018440936e-04 4.702045545022375287e-04 6.155652850961410233e-04 7.988888689437556936e-04 1.038486153047530735e-03 1.361707051193968747e-03 1.797198590173505403e-03 2.350865046349494281e-03 2.982939102423439945e-03 3.641940399700819078e-03 4.366294940001074973e-03 5.272036659549019476e-03 6.317502869451697284e-03 7.327404614883506993e-03 8.361048503856582589e-03 9.136395689588480348e-03 9.011792482610719857e-03 8.361967641350602498e-03 6.878467286930989473e-03 4.764192138425085189e-03 2.729031942257998441e-03 1.199153914798707816e-03 3.790979201637005580e-04 7.897223124879175125e-05 9.653729996869284046e-06 6.022966026672144126e-07 1.602607169581540452e-08 1.449780970818937304e-10 3.345071453217944964e-13 1.367111747838102208e-16 6.237679449755797078e-21
3.766409257155971940e-04 5.764341029594252912e-04 8.759987485959983521e-04 1.320183312450517663e-03 1.970303748698339508e-03 2.907404466875002352e-03 4.235302716605036412e-03 6.080584885192460119e-03 9.450145265006364789e+05 1.195860763997110519e-02 1.639940568801568146e-02 2.224311804911020818e-02 3.001272125034655860e-02 4.059363126221090384e-02 5.533368573203348989e-02 7.591120655626897029e-02 1.035181039089311805e-01 1.374305809956392621e-01 1.748321659473088263e-01 2.148661282026982366e-01 2.636460463811751143e-01 3.278640142592187945e-01 3.953946613928464582e-01 4.402824571551375299e-01 4.660215171317738103e-01 4.749285101825148070e-01 4.341080516835027492e-01 3.525861065822361584e-01 2.492450532506730598e-01 1.438435684796577629e-01 6.520839606124355370e-02 2.144023924984062371e-02 4.708080283339917405e-03 6.159161494934632794e-04 4.170646107221010547e-05 1.221728418250779192e-06 1.233788042594581292e-08 3.221300370131876165e-11 1.510057621376371102e-14 8.006751667405069426e-19 2.045319110917850891e-04 3.158629393462668734e-04 4.833137868812801045e-04 7.317299239561689261e-04 1.094404279695702789e-03 1.613947963160848728e-03 2.342376071666642853e-03 3.338176920961247792e-03 1.040666150912396726e+06 6.381551937929746086e-03 8.559210697719836156e-03 1.129219144884555277e-02 1.475673052692919388e-02 1.930344176913376120e-02 2.550113899786315280e-02 3.401785743217911745e-02 4.503382616282675804e-02 5.725525623540540093e-02 6.784813319411868437e-02 7.536580010378890471e-02 8.341120290554540628e-02 9.660986540019503299e-02 1.081164955560269259e-01 1.042369449447526214e-01 9.368089050382770455e-02 8.558721691723934766e-02 6.620307242503321865e-02 4.447608200914655169e-02 2.671155782177556809e-02 1.244671205606609835e-02 4.644141272944980921e-03 1.220992001900070116e-03 2.147671619292855581e-04 2.222599534294810572e-05 1.184114689982829530e-06 2.709669435215428806e-08 2.125884648787991172e-10 4.289974324198377288e-13 1.547137967792028864e-16 6.283876854955891381e-21 1.670445913856920668e-05 2.574375923533252941e-05 3.929205709621431508e-05 5.930461297423118784e-05 8.836926493159499342e-05 1.297413278516551429e-04 1.873138526103603385e-04 2.653323383290691470e-04 2.192591409406168677e+05 5.001785944396121113e-04 6.660082346926135934e-04 8.729205716865509742e-04 1.134379763916696206e-03 1.476780437186056257e-03 1.939646703858002646e-03 2.564776053370106026e-03 3.361999091636111089e-03 4.276078446257680979e-03 5.234735755091517000e-03 6.294788198880530913e-03 7.626342445125485446e-03 9.173548854547955086e-03 1.068571199134041652e-02 1.225204798603695723e-02 1.346108407023633227e-02 1.335884616933673275e-02 1.248105646067977290e-02 1.034650755860024897e-02 7.228890417529443280e-03 4.181624817009992751e-03 1.857798612580526150e-03 5.946513090865046232e-04 1.256168434220389948e-04 1.559879142243055284e-05 9.905664932657750027e-07 2.688685294785024007e-08 2.487355236850750086e-10 5.885480509527089425e-13 2.474531346222221401e-16 1.165648472274763376e-20
5.213407669157425197e-04 7.982139419486342004e-04 1.213586075531598992e-03 1.829883928068713706e-03 2.732577843293065942e-03 4.034838983102457741e-03 5.881957421469912080e-03 8.451603792908813501e-03 1.195860763997110519e-02 5.871460167607826879e+05 2.286556948521949531e-02 3.105425188380879498e-02 4.196371214146596418e-02 5.685257671675879310e-02 7.764192315838888692e-02 1.067404652333798637e-01 1.459052400313927134e-01 1.942220867937526074e-01 2.478236193383932529e-01 3.056040765460690256e-01 3.764146323993441401e-01 4.701109281993398059e-01 5.696814149891274992e-01 6.378077939674913210e-01 6.792302820613279613e-01 6.969865710110337842e-01 6.420269347994441711e-01 5.260183231575220608e-01 3.755054955417668761e-01 2.191126529491219110e-01 1.005698493392590126e-01 3.353176383764986529e-02 7.479851349512955071e-03 9.959742623388175009e-04 6.879700541892114283e-05 2.060930750808289223e-06 2.134373340725232269e-08 5.732888179314622520e-11 2.774542422887057241e-14 1.524917717567003153e-18 2.831100289612472373e-04 4.373894615822426389e-04 6.695704563638318983e-04 1.014238564377037931e-03 1.517809062829655713e-03 2.239805377151253031e-03 3.253074748257243388e-03 4.639841275022963188e-03 6.489043184289511497e-03 6.340916795020767022e+05 1.193404387150250913e-02 1.576535073897471564e-02 2.063282388877315035e-02 2.703503899388258469e-02 3.578213611346801187e-02 4.783327908063295109e-02 6.347364342762422396e-02 8.091529021698819213e-02 9.617435008262387175e-02 1.071927713154781359e-01 1.190884434287492882e-01 1.385249723093754659e-01 1.557733681963604511e-01 1.510011012809841791e-01 1.365406860874168460e-01 1.256044637509749207e-01 9.791146581712885377e-02 6.635325000706193688e-02 4.024287192761489412e-02 1.895970829925667026e-02 7.162583598769232257e-03 1.909587620654784644e-03 3.412062559069687240e-04 3.594080027718719503e-05 1.953259582545922185e-06 4.570934898572942510e-08 3.677642644589234335e-10 7.634787280564359634e-13 2.842672931769107716e-16 1.196789353432893535e-20 2.312206386405904018e-05 3.564852848627827353e-05 5.443420261431189199e-05 8.220112852392116864e-05 1.225576998164368953e-04 1.800524740536009157e-04 2.601401078572245212e-04 3.687940945392044066e-04 5.122958916989554107e-04 1.319314681242762890e+05 9.286103324598579982e-04 1.218709321591579650e-03 1.586086962092938743e-03 2.068274517167599698e-03 2.721631468120005830e-03 3.606389643579556610e-03 4.738623157955365768e-03 6.043115535925054280e-03 7.420208713182997219e-03 8.953076739751202051e-03 1.088833656880658189e-02 1.315358007995313244e-02 1.539588700046932643e-02 1.774872373532834433e-02 1.961964328632602103e-02 1.960492197162832725e-02 1.845893986861878514e-02 1.543581115338743016e-02 1.089084033182990789e-02 6.369745390615228105e-03 2.865252603275653381e-03 9.300132815535737917e-04 1.995707930293291505e-04 2.522420428999845241e-05 1.633991632304081943e-06 4.535536802198774744e-08 4.302963331759276930e-10 1.047427987638207785e-12 4.546642525203447226e-16 2.220023901906247770e-20
7.108741959216129287e-04 1.088899577224903669e-03 1.656385079460473593e-03 2.498988875206461721e-03 3.734175442263642109e-03 5.517788488830141329e-03 8.050392798554500268e-03 1.157804790385783683e-02 1.639940568801568146e-02 2.286556948521949531e-02 3.551751156176957302e+05 4.275540424237789239e-02 5.787187732022356507e-02 7.855218302778406436e-02 1.075030788044859797e-01 1.481443501342522284e-01 2.030427767148785534e-01 2.710949293588872377e-01 3.470845654801855140e-01 4.296410789840788280e-01 5.314648096664662535e-01 6.669649601011340412e-01 8.126282444402946892e-01 9.153818845107956070e-01 9.815549783912927984e-01 1.015035516957511152e+00 9.431707996655419590e-01 7.803546870326736329e-01 5.632416045702709484e-01 3.327615662978348765e-01 1.548802325587153028e-01 5.245741999485660501e-02 1.191025094965897368e-02 1.617766102867926716e-03 1.142772232466766690e-04 3.510707533642654293e-06 3.740365626267889777e-08 1.037224441203654747e-10 5.203347636420270919e-14 2.977723319940824789e-18 3.860346762939747037e-04 5.966736168962842026e-04 9.138754439669852193e-04 1.385099267940242572e-03 2.074145972593188607e-03 3.063014999860579502e-03 4.452349388137026402e-03 6.356226092092235290e-03 8.898732604164103638e-03 1.220190708260600679e-02 3.739431707106624963e+05 2.170568933329147104e-02 2.845459069101184332e-02 3.735382728193458596e-02 4.954397884441604644e-02 6.638747572157560617e-02 8.833037666763711437e-02 1.129414540207373807e-01 1.346951214653468176e-01 1.506996190881408348e-01 1.681425520493295134e-01 1.965308549265566140e-01 2.222046136617883971e-01 2.167168133740899616e-01 1.973148043036836163e-01 1.829202987522459412e-01 1.438370113553166518e-01 9.843586689537379975e-02 6.036252471970700306e-02 2.879369194473528279e-02 1.103056851319722011e-02 2.987377589758418144e-03 5.433065369287280602e-04 5.837882623778068336e-05 3.244517403251985679e-06 7.786392423867951529e-08 6.444855673115039101e-10 1.381326082613191521e-12 5.331118875178497079e-16 2.336983514402273889e-20 3.152808987996832973e-05 4.863065596503487439e-05 7.429551380043570240e-05 1.122583255471829424e-04 1.674799325618974420e-04 2.462282814454305746e-04 3.560430484016729753e-04 5.052195770011593109e-04 7.025356473937474514e-04 9.563712390689328583e-04 7.659309834136748395e+04 1.677915471722234066e-03 2.187362018403218172e-03 2.857697712342374945e-03 3.768373454598817566e-03 5.005283131480256498e-03 6.594301915336768516e-03 8.434972594331600210e-03 1.039222945683295450e-02 1.258690523427654154e-02 1.537338674971046489e-02 1.866150409822643283e-02 2.196163030003589131e-02 2.547297216210318849e-02 2.835232622949490286e-02 2.855104091821649911e-02 2.711713813424640115e-02 2.289921672194291172e-02 1.633577792188718042e-02 9.673592211909876754e-03 4.412564923288242631e-03 1.454921892789696634e-03 3.177788055048092353e-04 4.097180440822804112e-05 2.714188290769116369e-06 7.726093278169503355e-08 7.540693949885449507e-10 1.895062096447505046e-12 8.526725503280682620e-16 4.335064684066662408e-20
9.580176128206203392e-04 1.468218789170314250e-03 2.234674705435572232e-03 3.373639881462288902e-03 5.044821247343993058e-03 7.460577858072246424e-03 1.089495666933659561e-02 1.568538048871211121e-02 2.224311804911020818e-02 3.105425188380879498e-02 4.275540424237789239e-02 2.108494131661507126e+05 7.899287129510930427e-02 1.074471994793020357e-01 1.473971639832096781e-01 2.036638602653085273e-01 2.799771225754835169e-01 3.750820007683516866e-01 4.820523232400958369e-01 5.992748308731350448e-01 7.448853077159367508e-01 9.398858323050148789e-01 1.152170172102325640e+00 1.306809031184612335e+00 1.412159271774559244e+00 1.473094339070956105e+00 1.382272731804936816e+00 1.156332404655462165e+00 8.450310227988228062e-01 5.062599545100917586e-01 2.393639503369977273e-01 8.251769639544183355e-02 1.911176300373888803e-02 2.654716194652117014e-03 1.923105697149993861e-04 6.077857927792452925e-06 6.685371592810934891e-08 1.921659502845205028e-10 1.003767193199841482e-13 6.011462634935469573e-18 5.202439773041289944e-04 8.045254435326075048e-04 1.232934517387059611e-03 1.869886727575513150e-03 2.802143561387688501e-03 4.141489282012685708e-03 6.025563581097577448e-03 8.611108327987320593e-03 1.206967883882126800e-02 1.657168854906567249e-02 2.231498630734690680e-02 2.151326599170102272e+05 3.883941431125204069e-02 5.109424049816432833e-02 6.792960774074437158e-02 9.126726443818278245e-02 1.217993818619870494e-01 1.562637362637790683e-01 1.870728424401346401e-01 2.101998462419793767e-01 2.356636118617326803e-01 2.769509302681412710e-01 3.150487688758196736e-01 3.093872554383841345e-01 2.838760298608060673e-01 2.654674167469363022e-01 2.108016688931374782e-01 1.458626244743843892e-01 9.056185762685321772e-02 4.380642072429782874e-02 1.704749799352761955e-02 4.699268797329379972e-03 8.718158682006003479e-04 9.579828330156989994e-05 5.460011825127760775e-06 1.348007103092568616e-07 1.151926291221985221e-09 2.559174550593136655e-12 1.028415282595660741e-15 4.717929628051753264e-20 4.248918525512469606e-05 6.557119160566485976e-05 1.002341227749118085e-04 1.515489596010563512e-04 2.262631564466131633e-04 3.329241902442757494e-04 4.818489832510099613e-04 6.844470986312713645e-04 9.528749782747765462e-04 1.298869611433684521e-03 1.736370929822438980e-03 4.325827932957037410e+04 2.985664443533701806e-03 3.908887115727789976e-03 5.166806069318807121e-03 6.881094576703725499e-03 9.092929605875993068e-03 1.167047426740957551e-02 1.443336538569438277e-02 1.755655097814046509e-02 2.154688271248062295e-02 2.629775829417695110e-02 3.113789796940672275e-02 3.636548924096397184e-02 4.079037979816273890e-02 4.143537447563865050e-02 3.974177383444075368e-02 3.393214236656739297e-02 2.450855727548533966e-02 1.471730166327966764e-02 6.819520823978198094e-03 2.288652454506401659e-03 5.099231950770143464e-04 6.723376914241215268e-05 4.567551447980851297e-06 1.337567907084060566e-07 1.347791797908979963e-09 3.510970182976124633e-12 1.644873247696699558e-15 8.751679242251750534e-20
1.283355868209150319e-03 1.967951721146420259e-03 2.997225172262561049e-03 4.528146247459651115e-03 6.776787374417139916e-03 1.003116934231332129e-02 1.466411582352996311e-02 2.113650974416917891e-02 3.001272125034655860e-02 4.196371214146596418e-02 5.787187732022356507e-02 7.899287129510930427e-02 1.244560927129794436e+05 1.463639038544536641e-01 2.013208078231249476e-01 2.790099118631722552e-01 3.848557984079600258e-01 5.175541099489813224e-01 6.680132528497141342e-01 8.344716594949780353e-01 1.042874748939020435e+00 1.323946625223627160e+00 1.634169499441398221e+00 1.867892325622834138e+00 2.036121371866851160e+00 2.144887970896116602e+00 2.034956138067107734e+00 1.723579346250930788e+00 1.277272988532051512e+00 7.773327871591994009e-01 3.740843770616431585e-01 1.315520419239158967e-01 3.115830168551141782e-02 4.438459213544646009e-03 3.307727364996520744e-04 1.079276441649453247e-05 1.230551818351917515e-07 3.682962118543104056e-10 2.013258151016359443e-13 1.269016032348009014e-17 6.969163742282207929e-04 1.078359194817811494e-03 1.653655613622565922e-03 2.509787904503794215e-03 3.764163322558556311e-03 5.568466827578889312e-03 8.110134343530084333e-03 1.160372075217314114e-02 1.628566218868042828e-02 2.239337693829924342e-02 3.020460624486953974e-02 4.010240937394446425e-02 1.224509331343199883e+05 6.960025519539241035e-02 9.278091339011433625e-02 1.250318607028178541e-01 1.674251021686716523e-01 2.156193546308035336e-01 2.592397795291486728e-01 2.926967819815992633e-01 3.299402304067072800e-01 3.901199878519471254e-01 4.468463959573005795e-01 4.422238186975225305e-01 4.093065583416528042e-01 3.865318423560538119e-01 3.103382857511333692e-01 2.174165542034711407e-01 1.368851692035490397e-01 6.726221739193111171e-02 2.664228534994514050e-02 7.491707025793473487e-03 1.421339403920828188e-03 1.601665647040407419e-04 9.391179358443279291e-06 2.393725432263208164e-07 2.120308456443763869e-09 4.904793440575165612e-12 2.062694880189508751e-15 9.959520171835222994e-20 5.691831183775947157e-05 8.788944830961501517e-05 1.344375694457348156e-04 2.034111158380341733e-04 3.039428409302812181e-04 4.476354236930110068e-04 6.485468014507677920e-04 9.223125176975562663e-04 1.285717723848294695e-03 1.755166754215680856e-03 2.350277051841950012e-03 3.100037603444151350e-03 2.412500811763405363e+04 5.324661608276767127e-03 7.057025682388142276e-03 9.426776006637873837e-03 1.249911653904259810e-02 1.610341714552702280e-02 2.000131291985069240e-02 2.444695401005171631e-02 3.016665742555629456e-02 3.704367822965901752e-02 4.416413857119327879e-02 5.197914664634756265e-02 5.881359541635611254e-02 6.033166642838646426e-02 5.850709830358035574e-02 5.057779192349772662e-02 3.704493367851266483e-02 2.259756281227227534e-02 1.065772935191434262e-02 3.648634375366908988e-03 8.313383095814459159e-04 1.124091316098586456e-04 7.856154208219462179e-06 2.375188015864868207e-07 2.480830907679358982e-09 6.728960132682270815e-12 3.299126028175369807e-15 1.847474057950950188e-19
