9.856463368477244675e+07 1.904103172703786567e+07 1.968208135228725616e+06 1.660465987979275174e+06 1.451781218043717789e+06 8.261865930698713055e+05 1.115603666838007048e+06 3.745624255136429565e+05 -3.711590154590024031e+04 6.733251157452719053e+04 2.166105782649355242e+05 -3.438933319716217229e+05 -1.185107242232114077e+05 9.349804631777135364e+04 4.188440496505423216e+05 3.791972722975650686e+05 3.413185074919253238e+05 1.925254854081130179e+05 1.519172437306753127e+05 -5.700689820118770149e+04 -6.779087927016337926e+04 -1.184335932796017296e+05 -1.742502134053980699e+05 1.836797613554079726e+04 -3.190283582780061261e+04 3.930128746168543876e+04 6.709958094225154491e+04 7.177965654332345002e+04 5.988804227908042958e+04 2.290174970453346759e+04 -1.763569949275774707e+04 -6.034556176563498593e+04 -1.760667617068933396e+04 -5.085670546082653163e+04 -1.720132759942387565e+04 -2.735073132535162222e+04 -3.665882237161149533e+04 -3.902225361696729669e+04 -4.899585828561652306e+04 -2.570067943963546713e+04 -1.155234224028061726e+04 -2.886414472048922835e+04 1.514692211143505119e+03 -3.593185519312009274e+04 -3.392699377925560111e+04 -4.253138170176427229e+04 -2.016930687704057345e+04 -1.374847840288273437e+04 3.654792780051980168e+07 2.049883121340352669e+07 4.485210979169610888e+06 7.305418901177564403e+05 1.375484222361284774e+05 4.511211212624054169e+05 -2.439164820064982632e+04 -7.424762607567013474e+05 1.444566962176784582e+05 4.663252998540272238e+05 -3.400657888830798329e+05 -2.467683206307649962e+05 -5.250243743542742450e+05 1.591851664310971682e+05 7.325397269407541025e+05 7.727083107204218395e+05 1.025641024078449409e+05 -5.382326975649877568e+03 -2.302275413291760196e+05 -5.446066502672597380e+03 6.662028931432127138e+04 -1.887464085022652289e+05 -4.562171704330794455e+03 9.267561890716757625e+04 5.027171409113813570e+04 1.174717043404381693e+05 1.516768312002709135e+05 8.007201644424480037e+04 1.021286008055427192e+04 -5.786731150241339492e+04 -8.499480917946774571e+04 9.231882936665367743e+04 -4.084683820087681670e+04 -2.926535033060578280e+04 1.848064432055731595e+04 2.299124971792416909e+04 -5.230065103071505291e+04 2.657573390209778154e+03 2.232673800930137077e+03 -4.278285296539973206e+04 -3.555821880295376468e+04 -2.176117184832347630e+04 -2.710675126795337201e+04 -2.373779516437213897e+04 -1.261038030320615144e+04 -5.464859343109960173e+04 -8.286081051163759184e+03 1.559085099107151109e+02
1.904103172703786567e+07 5.765021166861282289e+07 1.187002579384837672e+07 4.386563616393608972e+06 2.413072482059368398e+06 2.135023711727411952e+06 2.044710841416833224e+06 1.037316610269585974e+06 6.646416284667965374e+04 -5.833575444526399951e+04 -2.858887322160142940e+05 -3.615368027374115773e+05 5.716682372611155733e+04 4.214878703772079316e+05 6.829848091936857672e+05 8.432734949477761984e+05 8.017441464747503633e+05 6.637708301340772305e+05 3.910612085297674057e+05 5.605260055903751345e+04 -1.552542933391364641e+05 -3.931870931944113690e+05 -3.636503130263035418e+05 -2.027575313638301450e+05 -9.711449491931477678e+04 1.233297435769141157e+04 1.123201206492603233e+05 1.217205183527214685e+05 1.456485347763583413e+05 5.742305380681091629e+04 1.054185041929462750e+04 4.073611417348165560e+03 -1.141550030920835707e+04 -8.039338764867812279e+04 -8.451763667353715573e+04 -2.866783979497086693e+04 -2.537973142703788835e+04 -1.574324211980917607e+04 9.893468518659559777e+03 -7.253296757900605371e+03 3.941288920414468521e+03 -1.951524763573300879e+04 4.624096564780687913e+03 -1.360331896994324416e+04 -1.958309093934492194e+04 -2.659335435822470026e+04 -2.686160785225891232e+04 -1.153483011864747641e+04 5.684503497270402499e+06 2.193411525185032561e+07 1.056294392899403721e+07 1.326559059171800502e+06 4.574101160573323723e+05 7.807864722749218345e+05 1.477589720150296809e+06 2.194382575627485057e+05 -3.534751842533660238e+05 3.331033894453247194e+05 -4.244625895022694604e+05 1.796980604737893445e+05 4.225900593826177064e+05 3.098621542113562464e+05 3.696484617320515099e+05 4.863801627066605724e+05 4.046148174483902985e+05 1.571252722851922736e+05 -8.610101754116785014e+04 -1.010855098574084113e+05 -1.723746490069470892e+05 -1.527348623219315778e+05 -1.609479574216390320e+05 8.450028011903382139e+04 -7.807359323002492602e+04 -7.400385883198457304e+04 -2.805568156045833166e+04 1.923655379781468946e+04 -1.863388378314170404e+04 -6.793515718248057237e+04 -4.460101631877540785e+04 -2.206393275349717442e+04 -3.950151018656508677e+04 -3.996683567361860332e+04 -6.582101638816992636e+04 -7.128144540010407218e+04 -6.348180922766875301e+04 -2.309086141146678710e+04 -2.781055707653842182e+04 1.854108026476672239e+04 -3.246464371175591805e+04 -1.039921467321722230e+04 -3.340227807619285886e+04 -2.524101445714305737e+04 -4.709574868828623039e+03 -5.458221694436123653e+04 -2.391008263824589085e+04 -3.051733527101962682e+04
1.968208135228725616e+06 1.187002579384837672e+07 3.414264995867739618e+07 1.074199001825998724e+07 6.162151244115731679e+06 4.198573547277282923e+06 2.783856350095663685e+06 1.316163235806682380e+06 2.666666791725933435e+05 -2.936173589831167483e+05 -8.521750664045060985e+05 -7.421289991733551724e+05 -4.246765055993991555e+05 3.566843564756994601e+05 1.011815340528489091e+06 1.356141379224515753e+06 1.354179252566423966e+06 9.811498184898458421e+05 5.782102094496854115e+05 1.968648184658887330e+05 -2.683538038852897007e+05 -4.665369562521387707e+05 -4.344608928372683586e+05 -4.098300772499371087e+05 -2.249780609652506246e+05 -6.076127893414144637e+04 9.137644402026299213e+04 1.588720126236435317e+05 2.001707096414237167e+05 1.476887696174253651e+05 6.123548583654632239e+04 -1.397779795289213143e+04 -6.489714203023821028e+04 -1.020317970243481541e+05 -1.150099380355231697e+05 -9.888911565006925957e+04 -7.914423748778410663e+04 -4.645410014638006396e+04 -1.087859573429988086e+04 -1.744593585750060811e+04 -1.672593589733796034e+04 -1.437000700178529769e+04 -2.072989965937300440e+04 -1.798571696116872772e+04 -3.462254198046653619e+04 -4.172368778466327058e+04 -3.024550803999908385e+04 -2.332098566247104827e+04 7.988933789786432171e+05 6.586390899462803267e+06 1.641485334755596332e+07 8.514735135557416826e+06 4.452953787574374117e+06 2.140938559893783182e+06 1.145053054974656319e+06 7.006132544526588172e+05 2.210242061778265634e+05 -6.341528837281436427e+05 -5.295691734573304420e+05 -3.369242566104925936e+05 -3.286311900980958017e+05 1.733321869450790691e+05 5.065599636957933544e+05 5.785294994196507614e+05 4.119115868164715357e+05 4.431056668617442483e+05 2.977175069240859011e+05 5.412721859502269217e+04 -1.504989667646312155e+05 -2.484333785293361871e+05 -2.951178874644707539e+05 -1.466211838487409404e+05 -6.441853409345291584e+04 -4.552286706837695965e+04 4.405866052733058314e+04 5.820421014957595617e+04 1.154346916813949210e+05 5.597542393879288284e+04 3.642819116350769036e+03 -1.632582151812580923e+04 -2.929294663413420494e+03 -1.170890744093670510e+05 -4.952812213650208287e+04 -2.700759849403452972e+04 -3.594253971322614962e+04 -3.569996878230131551e+04 1.569061963323316377e+04 7.140756281223234510e+03 -2.419916926032557240e+04 -1.029935456767025971e+04 -4.042529426058201352e+04 -2.101694394733840454e+04 6.864318082204808888e+02 -1.353163437441869246e+04 -1.896890730898514084e+04 -3.854679009133604268e+04
1.660465987979275174e+06 4.386563616393608972e+06 1.074199001825998724e+07 2.349578777521650866e+07 9.079732597388030961e+06 5.500119867476949468e+06 3.806527940911348909e+06 1.816066377899196697e+06 4.596147825147718540e+05 -7.149901892136712559e+05 -1.219357517361745005e+06 -1.122210483780771494e+06 -3.773399408461741987e+05 4.308341745497613447e+05 1.220293177639005007e+06 1.599442341039649444e+06 1.630407826770496555e+06 1.267195472495173104e+06 8.011064634042067919e+05 1.957891684233931883e+05 -2.514539060378523427e+05 -5.088836571224436630e+05 -5.473847022716084030e+05 -4.765076427613984561e+05 -3.053895836221479112e+05 -9.718674014125065878e+04 1.241092962798133958e+05 2.244651155513420817e+05 2.373240880703101866e+05 1.713375126595202892e+05 8.429289703855663538e+04 -4.885439909512693703e+03 -7.801607010389505012e+04 -1.124476202261294675e+05 -1.253591585227404430e+05 -1.127600515717926173e+05 -9.598958605420852837e+04 -6.964425916030065855e+04 -3.228089512600110902e+04 -1.885631170869887137e+04 -1.601487236604181817e+03 -3.328175805548125936e+02 -1.594275750079732097e+04 -2.573669122899616559e+04 -4.300806489596673782e+04 -4.175307607577774615e+04 -3.852310684056930768e+04 -4.339958495872051571e+04 2.941159779940082692e+06 3.939551709911107086e+06 7.167610076314740814e+06 1.268391421347708628e+07 5.208788523307893425e+06 2.154304661639120895e+06 1.805257911503011826e+06 9.860485846715052612e+05 5.327691784702844452e+05 -3.852122189420823706e+05 -6.244515662057118025e+05 -8.458126133853653446e+05 -2.938597873204044299e+04 3.959200189950208878e+05 7.523944742077244446e+05 6.797783951732602436e+05 8.983895983928643400e+05 6.218282673215395771e+05 3.169062574244531570e+05 1.017581091421434830e+05 -1.506188190411844407e+05 -2.999177198622896103e+05 -3.206588669774056762e+05 -2.146246110684568703e+05 -1.225428553881827393e+05 -2.597491986415352585e+04 5.971760834928238182e+04 1.211906066380682460e+05 1.354110170590117632e+05 1.155638200159040280e+05 1.961908631536243047e+04 8.764667771147282110e+03 -2.475127930001356799e+04 -8.546347559897498286e+04 -6.560994658991647884e+04 -6.870811291405622615e+04 -3.826286716169705323e+04 -3.113401108383710016e+04 1.703348541453586950e+04 2.822187890393002453e+04 1.255211454026413048e+04 -5.276419338099995912e+03 -2.151773275600588022e+04 -1.166832133912714744e+04 -2.054486596838206242e+04 -3.250292898518705624e+04 -4.721396554950206337e+03 -2.191344678455737085e+04
1.451781218043717789e+06 2.413072482059368398e+06 6.162151244115731679e+06 9.079732597388030961e+06 1.555872178201945685e+07 6.672067138630552217e+06 3.900324133613754064e+06 1.936203643509374931e+06 3.598269113810218987e+05 -6.751328076307323063e+05 -1.199076028683986282e+06 -1.099689691358010750e+06 -5.206909334588089841e+05 2.607229482263087993e+05 1.067487896205679048e+06 1.488171315829272848e+06 1.598863002143960213e+06 1.317408464636560995e+06 8.328015169588546269e+05 2.713596160512677743e+05 -1.802866129393833980e+05 -4.886888398770019412e+05 -5.685914930994253373e+05 -5.092968308842190308e+05 -3.234255758385029039e+05 -9.123998542246302532e+04 8.198058607526723063e+04 1.969146993976719677e+05 2.138457541697511333e+05 1.607163441351534275e+05 8.729142368482267193e+04 7.843552649243443739e+03 -5.154664107184858585e+04 -1.124953223188155825e+05 -1.304776355556275957e+05 -1.265873325680676353e+05 -1.060127473534717574e+05 -7.652945556435646722e+04 -4.116285477740091301e+04 -2.424104627298539708e+04 -2.284471577223759232e+04 -1.973766413963161176e+04 -2.866594267062724248e+04 -3.959848430576238025e+04 -4.483370807174895890e+04 -4.289026011576489691e+04 -4.272133475014552096e+04 -4.469316200322638906e+04 2.416945090860631317e+06 1.201262196972470032e+06 2.316335242945074569e+06 6.437542120547633618e+06 8.054985948645043187e+06 3.997514203885587864e+06 2.060798406798613956e+06 7.299846376907868544e+05 2.421104241608559096e+04 -8.025563563421859872e+05 -5.483604570872378536e+05 -5.259970424612095812e+05 -3.801851943055385491e+05 6.750870483241642069e+04 4.421580668437807471e+05 6.411471516512669623e+05 8.729048001395091414e+05 5.976856527986639412e+05 4.003934685221327818e+05 1.877674521359995706e+05 -6.551238258940936066e+04 -2.977048597486731596e+05 -3.153068151462389505e+05 -2.182845983672279399e+05 -1.206825724783261539e+05 -1.769841426047129062e+04 5.392386627893754485e+04 1.046992755253023352e+05 1.420425874999725493e+05 9.201663638091750909e+04 2.099440517095981340e+04 2.915839588460745290e+03 -3.925004164854824194e+04 -4.947523732875144924e+04 -8.917110941953273141e+04 -7.150424756168373278e+04 -4.333023577109559119e+04 -2.335962618216976261e+04 -9.035158658211503280e+03 -1.405687214169957042e+04 -2.653036375683168808e+04 -2.787517205561290029e+04 -9.254182225278149417e+03 -1.589914393932016537e+03 -4.908982772483521330e+03 -1.433787702275813717e+04 -1.131317957446351465e+04 -2.306471474804423633e+04
8.261865930698713055e+05 2.135023711727411952e+06 4.198573547277282923e+06 5.500119867476949468e+06 6.672067138630552217e+06 9.655921122478181496e+06 4.071985744070584420e+06 1.936610244814279489e+06 4.440863174979333999e+05 -4.109533470227763755e+05 -8.640981399395768531e+05 -8.438956468103984371e+05 -4.272788261677077389e+05 1.990584587550139404e+05 8.207803854709508596e+05 1.246211810681044124e+06 1.330781144035887439e+06 1.112279621355421841e+06 7.356292352522755973e+05 3.114996624998088228e+05 -1.071242412961543305e+05 -3.986434814670971246e+05 -4.974220879647432012e+05 -4.496287866325955838e+05 -2.798232969048699015e+05 -1.033430259420955845e+05 4.995046106509374658e+04 1.533675005740611814e+05 1.827563461026929435e+05 1.472096368759484612e+05 9.646648873168691352e+04 1.801464917142702325e+04 -3.778832378312562651e+04 -7.635486264317363384e+04 -1.045016313857789501e+05 -9.692826702126760210e+04 -7.580338064268838207e+04 -5.774073752174806577e+04 -3.014132424570458534e+04 -2.281172210745834673e+04 -1.838218341175086607e+04 -1.066544259067102394e+04 -1.600748814744453375e+04 -2.632368017321758089e+04 -3.172846177062213246e+04 -3.371361843437307834e+04 -3.599122797643702506e+04 -3.076263226408433911e+04 1.904885424162525218e+06 1.245028267987534869e+06 8.200903398991482100e+05 2.021516795588742243e+06 3.860376513188675046e+06 4.830986521910756826e+06 2.066153208649359876e+06 7.821550317134286743e+05 3.768848951980231795e+05 3.872797751139011234e+04 -3.387147584216111572e+05 -3.999863403960739961e+05 -3.470024709115695441e+05 1.097281519687122491e+05 4.317865449627244379e+05 5.963972741137865232e+05 7.266842262328511570e+05 5.643526033217165386e+05 3.882924394518786576e+05 1.410936497608377249e+05 -5.179626695922490035e+04 -2.265764189608170418e+05 -2.072496505925832898e+05 -1.870441322524400312e+05 -1.109240356046594825e+05 -3.128149259207495561e+04 8.482350707711229916e+04 6.475408077345055062e+04 8.680245728252847039e+04 6.692121277046752220e+04 3.061024552269718697e+04 1.568221010148998289e+02 -1.457958407338472716e+04 -5.209178263937443262e+04 -4.084169035841443110e+04 -6.144944618615794752e+04 -3.755691213021174190e+04 -3.142169578525704492e+04 -1.303703522161307046e+04 1.658845592855050199e+04 3.324359388038239558e+03 9.740767575952691914e+03 7.671852447368884896e+03 -7.927450529255710535e+03 -8.415610642650186492e+03 3.781581980845890939e+03 -1.679842693754231732e+04 -2.415474924148783612e+04
1.115603666838007048e+06 2.044710841416833224e+06 2.783856350095663685e+06 3.806527940911348909e+06 3.900324133613754064e+06 4.071985744070584420e+06 5.822056177396911196e+06 1.862952961622315925e+06 4.446824227214463754e+05 -2.598123317213610862e+05 -6.225545911261411384e+05 -6.022818588117401814e+05 -2.856973496620048536e+05 7.542713482930956525e+04 5.047807995287367376e+05 8.082189515981095610e+05 9.070747528140501818e+05 8.221330442303405143e+05 5.774869625179459108e+05 2.912281930409830529e+05 -1.867961555515878717e+04 -2.295048186849373742e+05 -3.090070187219519285e+05 -3.035485698731599841e+05 -2.276400945576681988e+05 -1.051506918464736082e+05 7.538480054427017421e+03 9.739349968985443411e+04 1.167765557506510522e+05 1.067877907821208646e+05 7.112016868662704655e+04 2.711719715201999861e+04 -1.356003006385508343e+04 -4.603308860114544223e+04 -6.686223344922337856e+04 -7.320561927742890839e+04 -5.417587413131967332e+04 -4.155869594949049497e+04 -2.585730818107043888e+04 -2.356878376251689042e+04 -1.018374998868781404e+04 -1.466072011863815897e+04 -1.550283349321001515e+04 -2.315379943914459000e+04 -1.735324423207531072e+04 -1.785902115910311113e+04 -1.884671523653373151e+04 -2.286197060516785496e+04 -7.461583184871943668e+05 3.367827495789137902e+05 1.380683712963465368e+06 2.393092236732129008e+06 1.933645515200702241e+06 2.357025013422552496e+06 2.697239369467147626e+06 8.679449050905429758e+05 4.135581528505524620e+05 -3.735102966911991825e+04 -3.219075849492365378e+05 -3.098383487584080431e+05 -8.577856654781398538e+04 1.374334114386690198e+05 2.329552143566746381e+05 3.777458963593417429e+05 4.666513103192384006e+05 4.305762885154685937e+05 3.329819589771826868e+05 1.386044556766125315e+05 -2.717252732753027158e+04 -1.263563962613135227e+05 -1.157512450014387723e+05 -1.417091793204342539e+05 -1.381461048515413422e+05 -4.687450119433684449e+04 2.075970053828420350e+04 4.966431836115561600e+04 7.194210964834538754e+04 3.510113661241736554e+04 2.409319964045337474e+04 4.492979534204951960e+03 -2.476608060966193079e+04 -2.835534208255338672e+04 -2.916846474438370933e+04 -5.523316527774526912e+04 -3.420243224236871902e+04 -2.176926460788354962e+04 -1.413397277901285634e+03 -2.069232929688516379e+03 -7.424748767301965927e+03 4.776677711110224664e+03 1.957553514994595389e+03 -7.998460575381835952e+03 9.436009561543070959e+03 4.746292664863014579e+03 -6.903775957111979551e+03 -8.837333963230506924e+03
3.745624255136429565e+05 1.037316610269585974e+06 1.316163235806682380e+06 1.816066377899196697e+06 1.936203643509374931e+06 1.936610244814279489e+06 1.862952961622315925e+06 3.003366047201567329e+06 7.543350643435396487e+05 1.353485115752738784e+04 -2.351669107005441620e+05 -3.270839307909908821e+05 -2.373285106495668879e+05 -5.807243496323055297e+04 1.775945811265525990e+05 3.730775091355207260e+05 4.725091966202012263e+05 4.681501359347616090e+05 3.601330035579659743e+05 2.116739806695102307e+05 6.413272843034422112e+04 -6.930373474831524072e+04 -1.484312044260198309e+05 -1.726024405279979110e+05 -1.375842391642353323e+05 -7.495124917499026924e+04 -2.209659129159851000e+04 3.897715667526437028e+04 5.354192667540317052e+04 6.544121938863315154e+04 5.649402349253676948e+04 3.295750695568327501e+04 7.564700215962068796e+03 -1.494265541778658007e+04 -2.958679544490965054e+04 -3.970292639241819415e+04 -2.942442101553757675e+04 -2.666385691610007416e+04 -2.186572946454342673e+04 -1.033068175898144545e+04 -1.024445460168251884e+04 -5.328411239100618332e+03 -6.560985127931107854e+03 -8.217713602285986781e+03 -4.469388876424784030e+03 -7.501591467588888008e+03 -1.201606085456041001e+04 -1.101387355112090700e+04 1.473148030234486214e+05 -1.823131236019517528e+05 9.899072264932047110e+05 1.512093266507409047e+06 1.121250373127074447e+06 9.965762776488054078e+05 1.117864836007960141e+06 1.321629521473356523e+06 5.558663200428951532e+05 -3.316668052837878349e+03 -8.429371964671496244e+04 -1.297168602389629232e+05 -1.433225131668011309e+05 -5.115986027447787637e+04 -4.850278706921191770e+03 1.862936403037227574e+05 2.544741326304283575e+05 2.514529006840905349e+05 2.226713550891521154e+05 1.121169134194929647e+05 2.437554978400034088e+04 -9.747556970131001435e+03 -3.360311471235876525e+04 -5.000943799305971334e+04 -6.971223252328355738e+04 -2.278552978802756115e+04 -2.393791405602943996e+03 3.031183185052231056e+04 4.565006967137321044e+04 4.462456696447410650e+04 5.192375915157060808e+04 3.991700924470039172e+04 1.368486538350956289e+04 1.555716787294812093e+03 8.631480310615032067e+03 -1.174104740198413310e+04 -1.238430703923627880e+04 -1.353812099216786919e+04 -2.179603543929975785e+03 -2.119257442434852237e+03 -2.742970130481221076e+03 -8.871867789249786256e+02 8.072368141456461672e+03 -2.307394074217890193e+03 4.371679599563850388e+03 1.009767431455262704e+04 -1.845356344094966971e+03 2.656069028494894155e+02
-3.711590154590024031e+04 6.646416284667965374e+04 2.666666791725933435e+05 4.596147825147718540e+05 3.598269113810218987e+05 4.440863174979333999e+05 4.446824227214463754e+05 7.543350643435396487e+05 1.848954996585557470e+06 4.601784881846028147e+05 9.138097719632554799e+04 -3.474363389113220182e+04 -6.562507785063880146e+04 -1.058809530381927034e+05 -6.589736844896982075e+04 2.222252772392399493e+03 7.344504402274666063e+04 1.385288681985522562e+05 1.534636641342637304e+05 1.482443895606060687e+05 1.187486420281931642e+05 7.623292042949913593e+04 1.252291783798457072e+04 -3.703634146198075177e+04 -5.027762791816517711e+04 -5.770176797556767997e+04 -3.929016509032210161e+04 -1.383942120459669241e+04 6.447970857402545334e+03 2.158522366874049476e+04 4.051240509638370713e+04 3.834966588005383528e+04 2.401950920382140248e+04 1.807667676107198713e+04 1.191041728237216375e+04 1.039498045965680831e+03 3.226822372324240860e+02 -7.045915905133628257e+03 -8.765427138590102913e+03 -7.748392930922593223e+03 -5.061678678656038755e+03 4.323352322458518756e+03 4.314770652213324865e+03 4.790871869541286287e+03 2.496413512951866323e+03 4.442507082190515575e+03 1.190402992474039593e+03 -7.811875234056158206e+02 1.366087979292447562e+04 5.008026929132363875e+05 1.693379054704874288e+05 -1.925081387950270437e+04 9.508176847135661228e+04 8.716820860032254132e+04 1.011772413227999350e+05 2.689238745699168649e+05 9.429581230030707084e+05 4.107980779093164019e+05 1.262650394531573693e+05 1.991117739546470693e+04 -5.496430832293559797e+04 -4.581162084030208644e+04 -3.846669927009075036e+04 2.357201244942504854e+04 6.715134238651304622e+04 5.343406047058913828e+04 7.114965621148904029e+04 8.156261521803286450e+04 9.363460379134889808e+04 6.079641224800323107e+04 4.707132267051201779e+04 1.459560406587914986e+04 -9.336210350013825519e+03 6.731971835337608354e+02 -8.892642351268434140e+03 1.052085203814570741e+04 1.763052251780367442e+04 3.197620637154213546e+04 3.554565717078874877e+04 4.209286621066507360e+04 3.024806839187022706e+04 1.390642322589431569e+04 1.868565640802956113e+04 1.936289746799237491e+03 4.271413857148501847e+03 4.592859420806311391e+03 -6.645540933542806670e+02 -3.826994604617907044e+03 -2.294777644896368656e+03 5.792753910685386472e+03 6.845065489373997480e+03 2.733907625664221996e+03 3.539824839286231054e+03 6.493180292468191510e+03 2.881645467799389735e+03 -7.557492245757155160e+02
6.733251157452719053e+04 -5.833575444526399951e+04 -2.936173589831167483e+05 -7.149901892136712559e+05 -6.751328076307323063e+05 -4.109533470227763755e+05 -2.598123317213610862e+05 1.353485115752738784e+04 4.601784881846028147e+05 1.518593722535995999e+06 5.247262299009863054e+05 1.888640918605101178e+05 3.870046665620565909e+04 -1.203329658569658350e+05 -2.154334468017449253e+05 -2.482204687747351418e+05 -2.149640031988257251e+05 -1.243404521658770973e+05 -2.598006916820756305e+04 7.728059097394562559e+04 1.373679464165255486e+05 1.538939090866938932e+05 1.321955779226860905e+05 7.005018037579105294e+04 1.970294005515876779e+04 -2.261804313003112475e+04 -3.623401915229495353e+04 -4.686838132200407563e+04 -3.475110170604669838e+04 -9.986890067674328748e+03 1.959002931875443755e+04 3.163712385369248659e+04 3.694640039529520436e+04 3.848813481613498152e+04 3.241175649180783876e+04 2.571034847596267718e+04 1.524315722195327726e+04 1.001579066612591851e+04 3.133910014241674617e+03 -1.953262668885825860e+03 1.325696760136135254e+03 3.502863441841238455e+03 1.129235019669795838e+04 1.321554780328858942e+04 1.307257505668596423e+04 1.184688568576372927e+04 1.139843255541039434e+04 1.109770404499216602e+04 -2.819245339094086376e+03 3.848833739188653417e+05 8.237248483856808161e+04 -5.117631989681527484e+05 -3.345938683585436083e+05 -1.438429231537268497e+05 -1.179626193281937012e+05 9.805347227495678817e+04 3.963578785946580465e+05 7.969127104140250012e+05 4.191189177762552863e+05 1.858646454663375043e+05 9.568722335316730096e+03 7.955313402544852579e+02 -8.838451022324654332e+04 -1.336044912824743660e+05 -1.163036049914288014e+05 -6.393664414830857277e+04 -7.648341809639633539e+03 2.835985694718572267e+04 9.211524834121864114e+04 9.192657134669905645e+04 7.065655784994692658e+04 6.116298616063643567e+04 1.037977655040500213e+04 -4.921093525398762722e+03 -1.284038831444198513e+04 -1.065284254084503118e+04 -9.532307979724348115e+03 1.918583520035845140e+02 1.969182549688850486e+04 3.876541997812573391e+04 2.606614213088151519e+04 2.362275455998518737e+04 1.580035093310330376e+04 2.450425288534421270e+03 1.075687933727431300e+04 -2.499236712011523196e+03 5.220666388136614842e+03 4.623055374617217240e+03 -8.516330574539415466e+02 3.634836584380362638e+03 4.481935902158439603e+03 2.568337965677737884e+02 7.288846807528831050e+03 7.327391346929607607e+03 6.433625628836678516e+03 7.608205320392524300e+03
2.166105782649355242e+05 -2.858887322160142940e+05 -8.521750664045060985e+05 -1.219357517361745005e+06 -1.199076028683986282e+06 -8.640981399395768531e+05 -6.225545911261411384e+05 -2.351669107005441620e+05 9.138097719632554799e+04 5.247262299009863054e+05 1.241839012591797858e+06 4.638813663991020294e+05 1.371429396717804484e+05 -6.037156476885407756e+04 -2.315658991991373478e+05 -3.445962786018984043e+05 -3.346028315126889502e+05 -2.604818203198781703e+05 -1.286146187057633069e+05 1.108118408682904192e+04 1.223482076633226970e+05 1.738246238739376713e+05 1.800388142886438291e+05 1.382834769325141970e+05 7.892213954124879092e+04 2.003244845742247708e+04 -2.930920514563178222e+04 -5.285145194358699518e+04 -5.366029805331228999e+04 -3.325257738643015909e+04 -7.407027321557856339e+03 1.719009081430864899e+04 3.680412829250002687e+04 4.087935406205627078e+04 4.287760110197903123e+04 4.256138316047500848e+04 3.138815501125540686e+04 1.821502986545822569e+04 9.805664792756560928e+03 7.000145966143169062e+03 7.268920686202868637e+03 1.126989960147859165e+04 1.129885511739478170e+04 1.557599795203658141e+04 1.503656240119616268e+04 1.404555220590177669e+04 1.438560417149153727e+04 1.218167609970853482e+04 4.051500122597266454e+04 -2.740428243684289046e+05 -3.537754029806443141e+05 -5.109155232398184016e+05 -5.940030942244266625e+05 -3.334909887023515766e+05 -2.145298802324861463e+05 1.606199443371908274e+04 7.639515250780497445e+04 3.100907233748849249e+05 6.199137342741886387e+05 3.254553082136741141e+05 7.395475921288951940e+04 -1.641479166278313642e+04 -8.734026774093178392e+04 -1.231796212225361378e+05 -1.479039255626712693e+05 -1.318742749429307878e+05 -3.940638076064827328e+04 1.516153341429543070e+04 7.594440212136578339e+04 1.008676326647167152e+05 1.097121332736171607e+05 6.706467216636351077e+04 3.612837396040438762e+04 6.773060461649541139e+03 -8.635157990516436257e+03 -1.858113208355279494e+04 -1.595834888542070075e+04 -1.127164636401011921e+04 -1.838298827070571406e+03 2.644865974938355066e+04 1.601361652745607353e+04 2.172432895765895591e+04 2.491935038269294091e+04 2.153163039969849706e+04 1.793025693707176470e+04 9.257431703596721491e+03 6.623748686562334115e+03 4.835927179481553139e+03 4.198028719402907882e+03 -2.256215655261245047e+03 7.267991605651252030e+03 5.733175631958943995e+03 5.414867666406689750e+03 7.793675305253836996e+03 6.015870654357330750e+03 7.205869255706388685e+03
-3.438933319716217229e+05 -3.615368027374115773e+05 -7.421289991733551724e+05 -1.122210483780771494e+06 -1.099689691358010750e+06 -8.438956468103984371e+05 -6.022818588117401814e+05 -3.270839307909908821e+05 -3.474363389113220182e+04 1.888640918605101178e+05 4.638813663991020294e+05 9.266455936236889102e+05 2.846319917354534846e+05 1.154579751581845085e+04 -1.479595144081215549e+05 -2.661328408829366090e+05 -3.155266945199160837e+05 -2.639015342190713272e+05 -1.705206502659176476e+05 -6.212923622758191050e+04 5.207700320512043254e+04 1.260578174123086210e+05 1.533841165235178196e+05 1.403364257162656577e+05 1.066923947985820705e+05 5.241655280501925154e+04 -3.919299110549436591e+03 -3.077987415571884776e+04 -4.247043937822572479e+04 -3.697475711673771730e+04 -1.707113555523857212e+04 1.554860462212865968e+03 1.691007885779862409e+04 3.093210274284823026e+04 4.059242635333636281e+04 4.024656618583360978e+04 3.247201168710411366e+04 2.448513520283354592e+04 1.432123723740418791e+04 9.569570190319627727e+03 6.932790643196169185e+03 8.513318989688914371e+03 8.257366725621814112e+03 1.219320152280298498e+04 1.293876271302231544e+04 1.273971469395645363e+04 1.082706343464493693e+04 1.083540244983394950e+04 -5.418499690502879093e+04 -5.055614726215910632e+05 -4.287864539345722296e+05 -4.929992563139963895e+05 -4.693089095642860048e+05 -4.040819366732966737e+05 -3.079431407797940774e+05 -1.236780356846793147e+05 7.281721503985908930e+04 1.713361914074264350e+05 2.838975087005673558e+05 4.946838922238130472e+05 1.946679419709850335e+05 2.597052197100047488e+04 -1.908243461340443173e+04 -1.172990187637579656e+05 -1.876219851145484135e+05 -1.423363586185377790e+05 -7.394206396032868361e+04 -1.335087624977535052e+04 4.354486204517222359e+04 7.235768236404514755e+04 9.412910361469836789e+04 8.188826950460464286e+04 4.743625221604626131e+04 2.788974975095002446e+04 2.334196114623156973e+03 -1.239151761098692259e+04 -2.611724194568000166e+04 -1.408200520473195866e+04 -5.323049135620325615e+03 -5.323812959606731056e+03 7.897552275135933087e+03 1.987206017899336803e+04 2.414109075188287534e+04 2.683870338533494578e+04 2.095374657719730021e+04 1.287984731089107117e+04 1.488051465173759880e+03 2.304558721142139348e+03 -5.667025491609872461e+02 1.325585533116168563e+03 4.303174243573827880e+03 4.436091338267622632e+03 3.960645891136625323e+03 2.735785033475631280e+03 6.240388886117939364e+03 5.512962546266006029e+03
-1.185107242232114077e+05 5.716682372611155733e+04 -4.246765055993991555e+05 -3.773399408461741987e+05 -5.206909334588089841e+05 -4.272788261677077389e+05 -2.856973496620048536e+05 -2.373285106495668879e+05 -6.562507785063880146e+04 3.870046665620565909e+04 1.371429396717804484e+05 2.846319917354534846e+05 6.704451451883331174e+05 1.873357716397644253e+05 2.893458064870555245e+04 -5.716543753679525253e+04 -1.313967914523598447e+05 -1.564579112743555161e+05 -1.403889681084628392e+05 -9.088699364215944661e+04 -2.773638140835419108e+04 4.017841184467656421e+04 8.172985021459814743e+04 9.259621309565361298e+04 9.056737364479820826e+04 6.769247485090566624e+04 3.631366428839109722e+04 9.065519992021827420e+03 -1.355489406645252348e+04 -2.481249559107819732e+04 -2.264103493022365365e+04 -1.421991191640690158e+04 -2.463674991766954008e+03 1.172971391631540610e+04 2.281381542347566210e+04 2.557771500425855629e+04 2.384222894443725090e+04 2.114190700340496551e+04 1.711503925701431217e+04 9.422339501544276573e+03 1.013843910504952510e+04 5.329918487655220815e+03 4.864582737629551957e+03 4.185416345028288561e+03 3.741279111860896592e+03 6.508127712133556997e+03 5.342377766340371636e+03 7.135387755107204612e+03 -1.505366480722193082e+05 -1.012821303147564759e+05 -3.721986280761911767e+05 -2.679600100079718395e+05 -2.538862752371468814e+05 -2.348214939362086880e+05 -3.185068562716699671e+04 -7.918689087997924071e+04 1.127996401517704362e+04 8.232714130924901110e+04 9.320731116613195627e+04 2.179380352149886894e+05 3.232902319863936282e+05 1.206204882102994161e+05 2.820019053187841200e+04 -2.372594232531675880e+04 -3.305101640786189091e+04 -5.476216877091914648e+04 -5.436411697814035870e+04 -2.410611284977113610e+04 1.324815588314905835e+04 3.119671750185016208e+04 5.552243165154603776e+04 5.633408269742954872e+04 4.533989339180436946e+04 3.733718474620258348e+04 2.566763241925306647e+04 5.796260754859258668e+03 -2.263898225170183650e+03 -9.283193734254879018e+03 -1.312123945211534010e+04 -3.328600466423959006e+03 -2.395854454630515647e+03 9.471357971595722120e+03 1.904546386822524801e+04 1.803900314660715958e+04 1.730849222705655484e+04 1.280414704066731429e+04 4.911600968636416837e+03 2.908493416845585671e+03 5.069560145997704240e+03 7.304894871113059708e+03 6.074121409275450787e+03 4.270617978941863839e+03 6.001095818330858492e+03 3.922710402932867510e+03 2.646323752062509357e+03 5.794941066693996618e+03
9.349804631777135364e+04 4.214878703772079316e+05 3.566843564756994601e+05 4.308341745497613447e+05 2.607229482263087993e+05 1.990584587550139404e+05 7.542713482930956525e+04 -5.807243496323055297e+04 -1.058809530381927034e+05 -1.203329658569658350e+05 -6.037156476885407756e+04 1.154579751581845085e+04 1.873357716397644253e+05 5.623906329055274837e+05 2.700030190931769321e+05 1.713543259886390879e+05 9.453116078666948306e+04 1.434046365243410764e+04 -6.026633689331675123e+04 -1.001874803801622475e+05 -1.060601306801982864e+05 -7.521522825951299455e+04 -2.663332779699785533e+04 1.499414646828548939e+04 5.376369481535405794e+04 6.533155826214540139e+04 6.161143074910294672e+04 4.304236476358591608e+04 2.072987549392817527e+04 -2.583436201046284623e+03 -1.951936301938533506e+04 -2.238357927374203427e+04 -2.147753789392503677e+04 -1.331515683887248088e+04 -5.291238891191409493e+03 5.119719617031103553e+03 8.055514311338984044e+03 9.475443881687380781e+03 1.273795373665868829e+04 8.796771330983974622e+03 7.673155265888330177e+03 2.714218760750792171e+03 6.374682270023599813e+02 -2.576448614278699552e+03 -3.255930571181490905e+03 -2.767492720098867721e+03 -1.004159571727154798e+03 2.436071654085960745e+02 -3.332226558268080698e+05 2.946002170641061093e+04 -1.552342560766652459e+05 1.668948857445542235e+05 1.055612631884748989e+05 -8.940809306497927173e+04 6.795837915661880106e+04 -2.247954981543778558e+03 -6.329113736682664603e+04 -6.039406297624485160e+04 -6.117080205874188687e+04 7.934474404564898578e+04 1.278043030976572481e+05 2.366206489268438308e+05 1.819747807928955590e+05 9.276835986341915850e+04 6.076006939892181254e+04 1.065941447468703700e+02 -1.530606417995696393e+04 -4.037449570179978036e+04 -5.404771908324489050e+04 -3.914465827443795570e+04 2.868970653210497403e+03 1.816168697313582743e+04 2.555859683524942375e+04 3.071389353705373651e+04 2.701951484122265174e+04 2.729012413703269340e+04 1.361128732948178549e+04 -4.806556183544113992e+03 -1.177524722066140566e+04 -1.500922713760143961e+04 -6.074259771835770152e+03 -3.573359414113367166e+03 2.101891285221349335e+03 4.335620485132570138e+03 9.100778228218090590e+03 8.552160302077867527e+03 1.013329563514253277e+04 6.663369983758419949e+03 6.204151467123509974e+03 7.815836601846624944e+03 1.505859299336608046e+03 -2.102372941491295478e+03 5.420306150702681407e+02 8.507530336934014485e+02 2.880920987977804089e+03 5.763606705075064383e+03
4.188440496505423216e+05 6.829848091936857672e+05 1.011815340528489091e+06 1.220293177639005007e+06 1.067487896205679048e+06 8.207803854709508596e+05 5.047807995287367376e+05 1.775945811265525990e+05 -6.589736844896982075e+04 -2.154334468017449253e+05 -2.315658991991373478e+05 -1.479595144081215549e+05 2.893458064870555245e+04 2.700030190931769321e+05 6.324646562240221538e+05 4.220138888883471373e+05 3.283838093925308785e+05 2.055799542235148256e+05 6.226138267068925779e+04 -6.017349291671585524e+04 -1.474518404129917035e+05 -1.586471407781090238e+05 -1.307293979409818276e+05 -6.978951119619113160e+04 -1.184001806955198845e+03 4.742213754449490807e+04 7.368399532753371750e+04 7.561141817041525792e+04 5.749185485191440966e+04 2.241483891046839926e+04 -6.463043068630837297e+03 -2.732488742851535790e+04 -3.514966643644681608e+04 -3.392353788687515771e+04 -2.740864219482557019e+04 -1.611635451809490405e+04 -9.963247302506588312e+03 -6.121791095256662629e+02 7.092357179166559945e+03 6.349474642864261114e+03 5.601956749906927143e+03 -6.334900862325057460e+02 -3.886168226782762304e+03 -8.649680275983673710e+03 -1.001718443061928338e+04 -9.829656587132227287e+03 -8.240916019971817150e+03 -5.164964809540618262e+03 2.045175300687784620e+05 4.239937959581441246e+05 4.865428860015384853e+05 4.157093252596857492e+05 3.655887072415767470e+05 3.407037286153259920e+05 2.336264544936703751e+05 6.276480302460016537e+04 -4.848724821247404179e+04 -1.461921463450538868e+05 -1.103894165684332984e+05 -2.667924138229816162e+04 3.724634679311291256e+04 1.592933616748478380e+05 2.988480088692181744e+05 2.455111811791388900e+05 1.718580971469640499e+05 9.658698580321692862e+04 4.540557011748000514e+04 -3.279593547644582577e+04 -7.306976873986309511e+04 -8.334293722907525080e+04 -6.477053161398581142e+04 -2.285975592834575946e+04 2.002580143276647505e+03 3.249441132816362369e+04 4.514819226353908743e+04 4.264994263148849132e+04 2.848606750462024866e+04 1.406653699387570668e+04 -7.802230230397872219e+02 -9.021591572863217152e+03 -1.376690093217171489e+04 -1.483937416952264539e+04 -1.377889186211456399e+04 -7.632544836634976491e+03 -6.069826438402615167e+02 1.454775471407882378e+03 7.561952530087836749e+03 9.127523341729942331e+03 4.135136318188669975e+03 6.809332513747763187e+02 -2.465427864635434162e+03 -3.562715313910923214e+03 -2.457405934697495013e+03 -1.969827187006578242e+03 -3.782857415665432200e+03 -2.175418942469564627e+03
3.791972722975650686e+05 8.432734949477761984e+05 1.356141379224515753e+06 1.599442341039649444e+06 1.488171315829272848e+06 1.246211810681044124e+06 8.082189515981095610e+05 3.730775091355207260e+05 2.222252772392399493e+03 -2.482204687747351418e+05 -3.445962786018984043e+05 -2.661328408829366090e+05 -5.716543753679525253e+04 1.713543259886390879e+05 4.220138888883471373e+05 6.779764500864967704e+05 4.905539761334504001e+05 3.375094702658476890e+05 1.647228526267008565e+05 -7.453892679638140180e+03 -1.338151705031298625e+05 -1.915928548879330338e+05 -1.825705228865371610e+05 -1.282060926156969799e+05 -5.199952253620812553e+04 1.277801619374188886e+04 6.489617581944501580e+04 8.813679809578853019e+04 7.881659543952139211e+04 4.623220133883463131e+04 1.135929064697495778e+04 -1.560015317486942149e+04 -3.343320887337793829e+04 -4.139469794942485169e+04 -4.224304876112005149e+04 -3.334212287049804581e+04 -2.263055550602144285e+04 -1.111255567980356318e+04 2.202914153759729743e+01 4.132235032534405036e+03 3.758929666967241246e+03 -1.961739683361450716e+03 -5.877026345859892899e+03 -9.194455153370548942e+03 -1.131048164322967750e+04 -1.207134668609251457e+04 -1.096293823065336619e+04 -8.897251251157445950e+03 -1.447764722871062113e+05 1.445060471804259578e+04 5.713716779605193296e+05 6.853058130912570050e+05 5.763610728406490525e+05 4.453755760128894472e+05 2.418423091826381860e+05 1.114742536391108297e+05 -2.181738599760103534e+04 -1.354014610446862353e+05 -1.753361550951053214e+05 -1.133288679964492330e+05 -4.683951185404860007e+04 1.129403024982559000e+05 2.341769927421589382e+05 3.357746879652307834e+05 2.548529809955934761e+05 1.621488072164879995e+05 7.074189206851487688e+04 -1.239212659438450282e+04 -8.132543469713650120e+04 -9.649873301467849524e+04 -9.083301760624320013e+04 -5.415528580043770489e+04 -2.250444757642535114e+04 1.128143604012442302e+04 3.475147602132346947e+04 4.307240754949193069e+04 3.803446616397473554e+04 2.732562432402381819e+04 7.172329362684056832e+03 -7.333000132515051519e+03 -1.332808240453296094e+04 -1.748224791087759877e+04 -1.665335484081719551e+04 -1.328538735289592842e+04 -7.950275602352989154e+03 -2.771353562831272484e+03 4.029476515109078264e+03 4.637847228759142126e+03 1.223878056720959194e+03 -5.262896952229011731e+02 -1.285734971999704612e+03 -3.689149291001185702e+03 -5.929882250334110722e+03 -4.246235050810899338e+03 -3.789209706204117083e+03 -3.439850694566177935e+03
