2.399471895583501318e+05 5.764257108835998224e+05 9.345122049791899044e+05 1.138134245644090232e+06 1.106828344621382188e+06 8.925098093872155296e+05 5.861816236109002493e+05 2.582566335039088444e+05 -2.139163525074542122e+04 -2.026591402055888902e+05 -2.629700381824364886e+05 -2.031884100228683965e+05 -5.816440613931766711e+04 1.121917269913275377e+05 2.504147733065975190e+05 3.174565416451381170e+05 3.022530181437411811e+05 2.216963793681050884e+05 1.056732027996611723e+05 -7.301747455429044749e+03 -9.008656715274731687e+04 -1.315524517856375605e+05 -1.266528415878135129e+05 -9.013756459223441198e+04 -4.227432724646651332e+04 1.593376581669958568e+03 3.377950393718718988e+04 4.793238640426554048e+04 4.220738936886123702e+04 2.440755423427816277e+04 3.273972549585813795e+03 -1.340936249653571576e+04 -2.400050610177282579e+04 -2.899554657451524326e+04 -2.890400224118589540e+04 -2.459221865865274231e+04 -1.787225058257309865e+04 -1.073914175012857231e+04 -5.148877340768071917e+03 -2.702230713749507231e+03 -2.931387523858372333e+03 -4.779381237103008061e+03 -7.191239286819190966e+03 -9.121671175967961972e+03 -9.964024017372576054e+03 -9.935117612517013185e+03 -9.334729126011756307e+03 -8.461541674567659356e+03 7.773394012871610175e+04 2.389797622134388948e+05 4.116428739801353659e+05 5.046353034749764483e+05 4.817463864826710196e+05 3.740328708811841207e+05 2.276902677315341134e+05 7.546078662951257138e+04 -5.111591848606835265e+04 -1.291672633555093489e+05 -1.481618646690308524e+05 -1.093065616849336220e+05 -3.071207343931276773e+04 5.714759095320742927e+04 1.257187607465898764e+05 1.565788338510516041e+05 1.455166052215379314e+05 1.025027633771981637e+05 4.327161384998335416e+04 -1.267504033898299895e+04 -5.196795543462385103e+04 -6.984925736047165992e+04 -6.456929635005955788e+04 -4.401263004497854854e+04 -1.873585891293540044e+04 3.438906305680357036e+03 1.901763159509993420e+04 2.523784508504941186e+04 2.151361160725177615e+04 1.191432333924079285e+04 9.526642780863720645e+02 -7.368990113712697166e+03 -1.233131963706109673e+04 -1.435943531563269607e+04 -1.388569304151951656e+04 -1.146889048283054763e+04 -7.997838892478621347e+03 -4.429058720529031234e+03 -1.699548587875414796e+03 -5.718933156343496194e+02 -7.923204167552460149e+02 -1.817752881274176389e+03 -3.106111952936344551e+03 -4.120349149365802077e+03 -4.551589469158682732e+03 -4.519519231609044255e+03 -4.187044730026297657e+03 -3.716399419812707038e+03
5.764257108835998224e+05 1.406411458265714580e+06 2.301953770906812511e+06 2.829893137956475839e+06 2.780310157844766974e+06 2.271038163151886780e+06 1.523321162021962460e+06 7.116238916326417821e+05 8.726282136221976543e+03 -4.609660621683846111e+05 -6.393212381790301297e+05 -5.221705381697681732e+05 -1.869283379354261560e+05 2.253436851524792728e+05 5.749465526492575882e+05 7.615386623933756491e+05 7.511389105930248043e+05 5.760581596459343564e+05 3.043723241073681857e+05 2.810574918721045105e+04 -1.854251534986567567e+05 -3.038126209493671777e+05 -3.095969144924590364e+05 -2.349965257059743162e+05 -1.261668165574091108e+05 -1.924883346023529157e+04 6.458091996413749439e+04 1.069438379586059600e+05 1.009022380827671150e+05 6.407830165376079094e+04 1.655716433898386822e+04 -2.365127398207915758e+04 -5.174918375336936151e+04 -6.752718502466945210e+04 -7.080391924582300999e+04 -6.265708465677222557e+04 -4.754109027016461914e+04 -3.053326422214502236e+04 -1.661750513678681818e+04 -9.910613626617652699e+03 -9.477034469340891519e+03 -1.294128417302441630e+04 -1.793260818959240714e+04 -2.210160857982250309e+04 -2.405841470753294925e+04 -2.421329240373407811e+04 -2.315710206245051813e+04 -2.147956144465112448e+04 1.847619218189287058e+05 5.817679351083745714e+05 1.013309362412523478e+06 1.255212557746659964e+06 1.211915020022882847e+06 9.549222638191560982e+05 5.970707563256027643e+05 2.198357578017461055e+05 -9.879377371051021328e+04 -3.022329555101527949e+05 -3.634386253525240463e+05 -2.822539892582375905e+05 -9.900153192012096406e+04 1.144959841190824663e+05 2.887276489831132349e+05 3.760387371527281357e+05 3.625643207042809809e+05 2.681701099168642540e+05 1.289213289959031681e+05 -8.400779451621314365e+03 -1.104810346800525003e+05 -1.629695235386977438e+05 -1.589444919815161265e+05 -1.158090416123816976e+05 -5.775948655312237679e+04 -3.316136035150912448e+03 3.769543583225216571e+04 5.700888422850188363e+04 5.193325766770416521e+04 3.173909706321857448e+04 6.875471069741303836e+03 -1.332813779874774082e+04 -2.669359272345122372e+04 -3.353052037445820315e+04 -3.416391371791341953e+04 -2.943176243382037865e+04 -2.153978210231351477e+04 -1.295205560036462884e+04 -6.085534847402551350e+03 -2.927422119216413193e+03 -2.959071232868264360e+03 -4.948056297464606359e+03 -7.664339778972498607e+03 -9.889117772752379096e+03 -1.090805508742363963e+04 -1.095387008633625737e+04 -1.035436813544136749e+04 -9.436528708069277855e+03
9.345122049791899044e+05 2.301953770906812511e+06 3.789867976169699803e+06 4.685517937228673138e+06 4.631277322673358023e+06 3.811158761979649775e+06 2.586691493116951082e+06 1.246100138626786880e+06 7.433206151872414921e+04 -7.228376751993260114e+05 -1.046917939788452466e+06 -8.842888276795607526e+05 -3.535946284458167502e+05 3.193438393863136298e+05 9.059552048562973505e+05 1.236204481201995164e+06 1.246917958711196668e+06 9.817050317020685179e+05 5.472382403942197561e+05 9.262314531377932872e+04 -2.703634912932509906e+05 -4.828338441655964125e+05 -5.105989125127890147e+05 -4.026817084164165426e+05 -2.315413697414108901e+05 -5.529826798476961994e+04 8.855692126338696107e+04 1.666507553924178355e+05 1.649594932135261188e+05 1.110661019692747941e+05 3.680120693309221679e+04 -2.915057761727740581e+04 -7.801552657856442966e+04 -1.079213541726549593e+05 -1.170370478520928154e+05 -1.060346143185351393e+05 -8.232860778934365953e+04 -5.455523467343230732e+04 -3.119780625234913168e+04 -1.930241815311896426e+04 -1.753744239073766948e+04 -2.218258859008785294e+04 -2.952525828858297245e+04 -3.588590144185173267e+04 -3.905614535745805188e+04 -3.958673656839760952e+04 -3.830414326257253560e+04 -3.603473765204781375e+04 2.975164661987953004e+05 9.508710062465214869e+05 1.667615751313207671e+06 2.078787118725252105e+06 2.020514757149218582e+06 1.605584222105989931e+06 1.018926154085787013e+06 3.954771819593668333e+05 -1.361749240155999432e+05 -4.826470530396573595e+05 -5.981741866281620460e+05 -4.791234244948992855e+05 -1.873895103090815537e+05 1.619682130614142516e+05 4.551045600375776994e+05 6.109363305326248519e+05 6.028933220516053261e+05 4.588519688873938285e+05 2.355753419946090726e+05 9.061261357416566170e+03 -1.652064256704762229e+05 -2.607047663159100630e+05 -2.632220078359433683e+05 -1.994487350265182031e+05 -1.075457271778654394e+05 -1.740065579072241235e+04 5.340046602395740774e+04 8.959694263866318215e+04 8.541067014922146336e+04 5.544323130118916743e+04 1.634352483582517561e+04 -1.695250901259135935e+04 -4.039354829267183231e+04 -5.370835152165748150e+04 -5.664861729605079745e+04 -5.003620000737383816e+04 -3.756484048765237094e+04 -2.345675885928782373e+04 -1.185658249135039659e+04 -6.192279519873997742e+03 -5.711240485289466960e+03 -8.469526410491203933e+03 -1.252710601367150230e+04 -1.596149136100193937e+04 -1.763008334328678393e+04 -1.785412201379619728e+04 -1.710123670540666353e+04 -1.583863785962410657e+04
1.138134245644090232e+06 2.829893137956475839e+06 4.685517937228673138e+06 5.824340175649737008e+06 5.789898286923592910e+06 4.797780297393883578e+06 3.291726589155533351e+06 1.629289815194333438e+06 1.633463041307757958e+05 -8.506011115976914298e+05 -1.287532597278469941e+06 -1.122600311085933587e+06 -4.919672704551079660e+05 3.329178688271241263e+05 1.071252844728094991e+06 1.507101190285101067e+06 1.553733029772846727e+06 1.253567035792638548e+06 7.319592650497384602e+05 1.702985217512219388e+05 -2.921383345723001403e+05 -5.759341378447754541e+05 -6.322957314960306976e+05 -5.169430424895877368e+05 -3.151406031732129632e+05 -9.703516352007814567e+04 8.786605995514574170e+04 1.945518810178400890e+05 2.025364870451362513e+05 1.441538060117161658e+05 5.721894159886137641e+04 -2.400813484992792291e+04 -8.761234990521727013e+04 -1.294055504237271380e+05 -1.452446325887881685e+05 -1.346076929258769669e+05 -1.067575500879972096e+05 -7.270743354292093136e+04 -4.328270298738345446e+04 -2.752109718535580032e+04 -2.403498256667993701e+04 -2.846305468456915696e+04 -3.645339966476174595e+04 -4.369233184722220176e+04 -4.754953382354009227e+04 -4.855059810525942885e+04 -4.753503252121117112e+04 -4.534445857847919251e+04 3.598995559868678101e+05 1.167340205276506254e+06 2.060923039225999033e+06 2.584634150475030765e+06 2.528085928930295166e+06 2.024823505172686651e+06 1.302488933263318380e+06 5.288773298469453584e+05 -1.368054151576372096e+05 -5.788645491047048708e+05 -7.392749919280774193e+05 -6.095463130539261037e+05 -2.608355911839132023e+05 1.684534177778765734e+05 5.383271619949693559e+05 7.454326665479739895e+05 7.524516112465542974e+05 5.880541764259572374e+05 3.192601508367609349e+05 3.876314758782304125e+04 -1.841073023943742737e+05 -3.130959465361595503e+05 -3.272567022594447481e+05 -2.572006062379369687e+05 -1.480530255140574300e+05 -3.601391140158752387e+04 5.547956458047034539e+04 1.055711183251462644e+05 1.054857632110036066e+05 7.245620783177833073e+04 2.637405426604889726e+04 -1.482557155152531959e+04 -4.556571079623801052e+04 -6.455266864312379039e+04 -7.051820822210515325e+04 -6.379350550713005941e+04 -4.902003555331011739e+04 -3.161894909400654797e+04 -1.691548207750285655e+04 -9.338175511248546172e+03 -8.082177810460577348e+03 -1.085068935779283493e+04 -1.535170965829999295e+04 -1.931374121109122643e+04 -2.136618396227816993e+04 -2.182907719025035840e+04 -2.119074902639511856e+04 -1.994018562357426345e+04
1.106828344621382188e+06 2.780310157844766974e+06 4.631277322673358023e+06 5.789898286923592910e+06 5.790162828389592469e+06 4.832609729240532964e+06 3.352336026266815607e+06 1.704068072432217654e+06 2.373309313253626169e+05 -7.941864574038516730e+05 -1.263703765750431689e+06 -1.138571279578379588e+06 -5.425604184176783310e+05 2.642627419862795505e+05 1.006550055237360415e+06 1.465323702972839586e+06 1.546111534992455272e+06 1.278906581272820709e+06 7.806227902540995274e+05 2.271062339120592515e+05 -2.431828332443480031e+05 -5.451404455127931433e+05 -6.239341620472711511e+05 -5.293839911082654726e+05 -3.410066095755862771e+05 -1.261239508498439536e+05 6.325186631558689260e+04 1.789220340875222464e+05 1.974388705485524260e+05 1.487491537843687111e+05 6.843162760502770834e+04 -1.108212037306605271e+04 -7.695866881158105389e+04 -1.231209768343919714e+05 -1.435299829010671529e+05 -1.362534359959470166e+05 -1.104828542494993453e+05 -7.737949959956757084e+04 -4.792151879919276689e+04 -3.132227722881732552e+04 -2.649680582574339860e+04 -2.942148185188697607e+04 -3.608176881076347490e+04 -4.249777666338703420e+04 -4.619662607669212593e+04 -4.752904967247921013e+04 -4.712506176124094054e+04 -4.561904379315549886e+04 3.473960235288511612e+05 1.145199786775559653e+06 2.036222185831657844e+06 2.569947072100928985e+06 2.530357002171330154e+06 2.043220849235415692e+06 1.332435713462876156e+06 5.648994855460185790e+05 -1.017117425234849507e+05 -5.527898479839767097e+05 -7.295754279915239895e+05 -6.196477857205461478e+05 -2.878305719298800686e+05 1.331787010342753783e+05 5.059762325753468904e+05 7.253799130940452451e+05 7.499667948021137854e+05 6.020533044465685962e+05 3.444910664450908662e+05 6.739469046921429981e+04 -1.601141328371044365e+05 -2.987294074627825175e+05 -3.243233580090574687e+05 -2.645776756624905393e+05 -1.618171662172946671e+05 -5.092009923608706595e+04 4.328438932795292931e+04 9.820530275616732251e+04 1.035061357115434366e+05 7.527612057318206644e+04 3.235322625794378837e+04 -8.180274546187978558e+03 -4.024612782661464007e+04 -6.157037271439608594e+04 -6.990101310457744694e+04 -6.484538563125990186e+04 -5.103723600298538804e+04 -3.400779946522608952e+04 -1.919420996470621321e+04 -1.114286320493660787e+04 -9.198319143615946814e+03 -1.122157637402142791e+04 -1.507830753688697405e+04 -1.865300861442780661e+04 -2.064643906909470024e+04 -2.129063889724276669e+04 -2.096922868940349872e+04 -2.006768843341356842e+04
8.925098093872155296e+05 2.271038163151886780e+06 3.811158761979649775e+06 4.797780297393883578e+06 4.832609729240532964e+06 4.068005905509603675e+06 2.858397577900636941e+06 1.497026000140290940e+06 2.723362247854654561e+05 -6.057362625372105977e+05 -1.029737102029506466e+06 -9.648468187626649160e+05 -5.021966050073396764e+05 1.525273566477380227e+05 7.751304811446501408e+05 1.180123736611788860e+06 1.281177072306412971e+06 1.091088387218613410e+06 6.989793088439456187e+05 2.459067734251148941e+05 -1.535951288305988128e+05 -4.230794501034399727e+05 -5.109606144252264639e+05 -4.529164819232266163e+05 -3.094981957299226196e+05 -1.339670630922887649e+05 2.794963243386899558e+04 1.330292360172422195e+05 1.588535200222092681e+05 1.279716393415096391e+05 6.776510056858811004e+04 3.398577708090824217e+03 -5.356162047745730524e+04 -9.621426376744851586e+04 -1.176827122340153001e+05 -1.149763253303860984e+05 -9.565344249368410965e+04 -6.912279335154086584e+04 -4.464587346190701646e+04 -3.004216303198967216e+04 -2.471037433678979141e+04 -2.564509936190828375e+04 -2.984816963015359943e+04 -3.434659786584322137e+04 -3.724435464189527556e+04 -3.866115189505677699e+04 -3.891442247631296050e+04 -3.832736666693948791e+04 2.774599942904717172e+05 9.337291932157158153e+05 1.674789296811522450e+06 2.130160459806513041e+06 2.114031505663993303e+06 1.723601963706771145e+06 1.141951814265588531e+06 5.074853194266029168e+05 -4.968029638733187312e+04 -4.349655783848357969e+05 -5.986568061204043915e+05 -5.265798552909067366e+05 -2.666214039280931465e+05 7.616978650618325628e+04 3.897915338249104097e+05 5.847914967545720283e+05 6.226245514270872809e+05 5.156549724013108062e+05 3.121595229891510680e+05 8.468208563180173223e+04 -1.094040793294197647e+05 -2.343777487124142644e+05 -2.670279919216395938e+05 -2.275230719271316775e+05 -1.483483388327924768e+05 -5.723739205380822386e+04 2.378953108914391487e+04 7.423932233499066206e+04 8.397905649755921331e+04 6.526096688434987300e+04 3.271159098336949319e+04 -3.055810570403110091e+02 -2.824731650038918815e+04 -4.826351619425084937e+04 -5.751889123199277674e+04 -5.497659073461833032e+04 -4.447476066695511690e+04 -3.071208493186297346e+04 -1.831095955328632408e+04 -1.116050173407657348e+04 -8.864408338070521495e+03 -9.803565779160171587e+03 -1.236261561805920064e+04 -1.494014503219770631e+04 -1.652877010370028802e+04 -1.723477708494683975e+04 -1.727381429775829747e+04 -1.686422074332762350e+04
5.861816236109002493e+05 1.523321162021962460e+06 2.586691493116951082e+06 3.291726589155533351e+06 3.352336026266815607e+06 2.858397577900636941e+06 2.046575347989836242e+06 1.117318907614288852e+06 2.672926458888245397e+05 -3.597639999149308424e+05 -6.876200297864447348e+05 -6.842159655448859558e+05 -4.000065051506652962e+05 3.430697233185698860e+04 4.691719054329372593e+05 7.731383323681054171e+05 8.785133643529209075e+05 7.813382016840599244e+05 5.345168481168906437e+05 2.298314776514146070e+05 -5.441263506112177856e+04 -2.595515707069990167e+05 -3.437270217338337679e+05 -3.254657935769652831e+05 -2.406234236810972216e+05 -1.230342818168547528e+05 -6.812488275551421793e+03 7.495168271213624394e+04 1.037352091329635441e+05 9.259175828800289310e+04 5.806129513181193033e+04 1.557817257164108378e+04 -2.594801285065528646e+04 -5.981719136179654015e+04 -7.933886600028633256e+04 -8.099542567169776885e+04 -6.990399329808980110e+04 -5.268007748714515765e+04 -3.584308708513808233e+04 -2.494574938506187027e+04 -1.988981710801114605e+04 -1.896235769686117783e+04 -2.045509302629221565e+04 -2.267327620452007250e+04 -2.447925104272356475e+04 -2.577545264802721067e+04 -2.656433471714102416e+04 -2.685454552453129872e+04 1.793214414121973969e+05 6.244782265322799794e+05 1.135792260186222615e+06 1.462101662725355942e+06 1.468726625026847003e+06 1.214908238231598167e+06 8.236419636450118851e+05 3.899998323948275065e+05 2.695751438579364276e+03 -2.737904486796027631e+05 -4.042850064021962462e+05 -3.749808472277522669e+05 -2.125787826670992363e+05 1.606042738980858121e+04 2.360908177090955433e+05 3.837544871272374294e+05 4.281659631356728496e+05 3.713311071676525171e+05 2.423287682490526058e+05 8.864250507766599185e+04 -5.029516566060873447e+04 -1.466699921776008268e+05 -1.811719719855609583e+05 -1.646957938246954582e+05 -1.167718057953022944e+05 -5.517283300319989212e+04 3.482804068645682491e+03 4.327724494641637284e+04 5.560901115481471788e+04 4.773100320986032602e+04 2.862520941986684920e+04 6.610915886809822041e+03 -1.397856054722206136e+04 -3.016969797154084154e+04 -3.899553679487419140e+04 -3.899370123147458798e+04 -3.279223061497097660e+04 -2.373225320391399873e+04 -1.510442217563686245e+04 -9.701984205342239875e+03 -7.408108046869375357e+03 -7.274938274236000325e+03 -8.357067849642293368e+03 -9.716901926581635053e+03 -1.073719523926733200e+04 -1.140041404982627682e+04 -1.174687078213366476e+04 -1.181992281444442051e+04
2.582566335039088444e+05 7.116238916326417821e+05 1.246100138626786880e+06 1.629289815194333438e+06 1.704068072432217654e+06 1.497026000140290940e+06 1.117318907614288852e+06 6.633028169701687293e+05 2.308855727704870224e+05 -1.091779593687191809e+05 -3.162574203385909204e+05 -3.647309035505075590e+05 -2.649708602047754102e+05 -6.884936550094587437e+04 1.550470369242900924e+05 3.368336162171683973e+05 4.328535354618559359e+05 4.256498577143284492e+05 3.312319454910635832e+05 1.886899098853501200e+05 3.622829597168709734e+04 -8.971063450806276524e+04 -1.606355560864718573e+05 -1.783327668622866622e+05 -1.534206620816430950e+05 -9.918864443935398594e+04 -3.576002110526068282e+04 1.639065463354076201e+04 4.428862299190291378e+04 5.132849781959826214e+04 4.282506378173762641e+04 2.406813344428224445e+04 6.406461944175835015e+02 -2.172375877028032482e+04 -3.728703698723629350e+04 -4.249739646709683439e+04 -3.977533366792807647e+04 -3.256070610360961655e+04 -2.425242220069600444e+04 -1.780479772893367772e+04 -1.356470725109514933e+04 -1.113230717404258212e+04 -1.010964167385673500e+04 -1.010066219179387917e+04 -1.075341442237714909e+04 -1.179385206965422913e+04 -1.295208473276728182e+04 -1.396406102382009158e+04 7.530358881245694647e+04 2.894517474286769284e+05 5.460207700413857820e+05 7.244205288649029098e+05 7.492800112149192719e+05 6.408172123078934383e+05 4.566928992384703015e+05 2.441308791033971065e+05 4.640465797715266672e+04 -1.050859993470612826e+05 -1.917171684436911601e+05 -2.017882570085409970e+05 -1.410727598828002519e+05 -3.624383344782986387e+04 7.821376641911220213e+04 1.679787940627147036e+05 2.124330143859605305e+05 2.046846053615014825e+05 1.541279524842920073e+05 8.134722143415144819e+04 5.833557516789537658e+03 -5.469862338423832261e+04 -8.661689199739086325e+04 -9.165723939386727579e+04 -7.602192000078396813e+04 -4.689692004253588675e+04 -1.429962373028635920e+04 1.166964912944320895e+04 2.475189333428400641e+04 2.706878647867358086e+04 2.171313473281851475e+04 1.170673631499576368e+04 -1.649737299300855113e+02 -1.117556202854376170e+04 -1.859732576349582814e+04 -2.077713640277837112e+04 -1.899546383183490252e+04 -1.503504600199268316e+04 -1.065621633502425902e+04 -7.383081823108375829e+03 -5.353292204914648210e+03 -4.307757419770476190e+03 -3.988426001403529881e+03 -4.138859515965632454e+03 -4.549751698117018350e+03 -5.098612113020588367e+03 -5.669654350421396884e+03 -6.150087437080042037e+03
-2.139163525074542122e+04 8.726282136221976543e+03 7.433206151872414921e+04 1.633463041307757958e+05 2.373309313253626169e+05 2.723362247854654561e+05 2.672926458888245397e+05 2.308855727704870224e+05 1.708129686231531377e+05 9.354777129747523577e+04 7.067088922026521686e+03 -7.216398750183259835e+04 -1.239025561222377000e+05 -1.340849685573785682e+05 -1.009189450025772239e+05 -3.776290462392116751e+04 3.646070062643696292e+04 9.719679516584632802e+04 1.306684137323369214e+05 1.307588405727246136e+05 9.987542144702159567e+04 5.211405085010322364e+04 1.480944222527872398e+03 -4.097743788890699943e+04 -6.529495239917493745e+04 -6.727137188336814870e+04 -5.336599584416822472e+04 -3.136598845545114818e+04 -8.082589611545922708e+03 1.197586490125355522e+04 2.473872553050365241e+04 2.694230174865583467e+04 2.080377314934572860e+04 1.047954523766692728e+04 1.405942765066012896e+02 -7.146743085814436199e+03 -1.135908581999165654e+04 -1.297313611329935338e+04 -1.247342067490898626e+04 -1.037112390695648537e+04 -7.317563452218544626e+03 -4.001401270730925262e+03 -1.110758781841730070e+03 6.738052443361513042e+02 1.037607196551825837e+03 3.567424028937493858e+02 -9.208583209643427381e+02 -2.351950234166135033e+03 -1.239942229311773553e+04 -6.243438466241372886e+00 3.083549471819228347e+04 7.366999096199058113e+04 1.082123098787665076e+05 1.229189323295689392e+05 1.186995790988568333e+05 1.005994940477187192e+05 7.214116393497833633e+04 3.568991581197748746e+04 -5.298142385363258654e+03 -4.273558196018212766e+04 -6.636114481979233096e+04 -6.918626655214214406e+04 -5.054648368228456093e+04 -1.757153908871767635e+04 2.001878495755924450e+04 4.991736758652768185e+04 6.549489009040287056e+04 6.415576699959436519e+04 4.750756184387542453e+04 2.291362946520133846e+04 -2.399389805407443873e+03 -2.303191991233206136e+04 -3.422327989282658382e+04 -3.409396689464226074e+04 -2.612991060805386587e+04 -1.447418846053712878e+04 -2.661994215451661148e+03 7.183553271455741196e+03 1.318608447173937930e+04 1.386223355340275702e+04 1.040377712888435235e+04 4.950091364646800685e+03 -3.523135324812677709e+02 -3.941974900840437385e+03 -5.867838964585413123e+03 -6.444580947279915563e+03 -5.989509801408470594e+03 -4.821492576162880141e+03 -3.260243035884031542e+03 -1.624420155331627029e+03 -2.324733570636168736e+02 6.006628575213886734e+02 7.345260321987767611e+02 3.577985086569432269e+02 -3.063766368514259284e+02 -1.037370401578312794e+03
-2.026591402055888902e+05 -4.609660621683846111e+05 -7.228376751993260114e+05 -8.506011115976914298e+05 -7.941864574038516730e+05 -6.057362625372105977e+05 -3.597639999149308424e+05 -1.091779593687191809e+05 9.354777129747523577e+04 2.105738635151823109e+05 2.257028517264898692e+05 1.445691142216971202e+05 2.429512002744676465e+03 -1.457229574534904968e+05 -2.507499368839919916e+05 -2.839749217556695221e+05 -2.425721506001580856e+05 -1.497127679087229189e+05 -3.617976244625642721e+04 6.228498541787749127e+04 1.227377980631950340e+05 1.401727324284936476e+05 1.150014616547959740e+05 6.457977360499270435e+04 1.088650103293776192e+04 -3.060595797468278397e+04 -5.510086767074326781e+04 -5.948923483058706188e+04 -4.459700843659751990e+04 -1.957487597741600621e+04 5.700762140350754635e+03 2.256978810405360491e+04 3.031356074572608850e+04 3.098886115376131784e+04 2.667114872189349262e+04 1.937753629058277875e+04 1.092756944143367218e+04 3.136584405833610617e+03 -2.222224562467855321e+03 -3.745737282056393269e+03 -2.174909774181455305e+03 1.139485343098709336e+03 4.848895274256676203e+03 7.617866227538464045e+03 8.702790428514877931e+03 8.474339245830195068e+03 7.415893871334345022e+03 6.008201188763435312e+03 -6.792458310255240940e+04 -1.925623235311820172e+05 -3.192432958200792200e+05 -3.767717392887434107e+05 -3.437264217671033111e+05 -2.502175737480101816e+05 -1.335094142194051528e+05 -1.772698073837926859e+04 7.358026607475039782e+04 1.228984027464427490e+05 1.224714023136437754e+05 7.561806131007178919e+04 5.354605078352783494e+02 -7.482989285627356730e+04 -1.260819135038950044e+05 -1.399234418999404879e+05 -1.161176751273089321e+05 -6.753328261931892484e+04 -1.013582835126497594e+04 3.815309318299049482e+04 6.617044176866099588e+04 7.220683913740792195e+04 5.720483555619958497e+04 3.024708833615624098e+04 2.622914391282582073e+03 -1.787336649883692371e+04 -2.924454016011123531e+04 -3.039159938473195507e+04 -2.207449186656950042e+04 -8.977106078742010141e+03 3.886341586893976910e+03 1.213620875366904693e+04 1.554120229725874560e+04 1.532139685291529895e+04 1.270664941405914760e+04 8.835652124246942549e+03 4.578338196968603370e+03 7.738803416497891021e+02 -1.759089010363190027e+03 -2.379547113887776050e+03 -1.475201243787696740e+03 2.738083499221212946e+02 2.188429004994151001e+03 3.596236851294157532e+03 4.126475852945809493e+03 3.976321019242790499e+03 3.400528065077643532e+03 2.652321971577900058e+03
-2.629700381824364886e+05 -6.393212381790301297e+05 -1.046917939788452466e+06 -1.287532597278469941e+06 -1.263703765750431689e+06 -1.029737102029506466e+06 -6.876200297864447348e+05 -3.162574203385909204e+05 7.067088922026521686e+03 2.257028517264898692e+05 3.109664337366549298e+05 2.575488916230553004e+05 9.828905088263920334e+04 -1.012700305125396117e+05 -2.739394576686009532e+05 -3.690593010879918584e+05 -3.678575698381490656e+05 -2.836792690073199919e+05 -1.491216654707914568e+05 -9.865670634693233296e+03 9.970115816135288333e+04 1.612371696809971763e+05 1.641942319827016327e+05 1.246370302197991405e+05 6.610525932104038657e+04 7.448884742370226377e+03 -3.918311748300767067e+04 -6.299889685102369549e+04 -5.973146783053200488e+04 -3.910449372627941193e+04 -1.224992337645456246e+04 1.081875254004604540e+04 2.723707852968877341e+04 3.661870083691639593e+04 3.859293985205750505e+04 3.362164876732248376e+04 2.440513532780931928e+04 1.405423446204249922e+04 5.623067344100516493e+03 1.633114121308312860e+03 1.508427195160810697e+03 3.790032090160342705e+03 7.021834400371067204e+03 9.761296258426746135e+03 1.115036849402279404e+04 1.143092997335753353e+04 1.095415426726454825e+04 1.007143774383594609e+04 -8.433175038295850391e+04 -2.643744780093149166e+05 -4.609449294622477610e+05 -5.713499155757426051e+05 -5.509975389196779579e+05 -4.329597887067673146e+05 -2.693260013038533507e+05 -9.683793519716657465e+04 4.984047709342730377e+04 1.449601565823562851e+05 1.750171712432180939e+05 1.381173579166327836e+05 5.132928781146668189e+04 -5.190477167562493560e+04 -1.380240272132682148e+05 -1.827768134433051746e+05 -1.782019448379001697e+05 -1.327323458660695760e+05 -6.366747378322415898e+04 5.718988152509195970e+03 5.834905442803164624e+04 8.591550227196850756e+04 8.400140100828508730e+04 6.130900770342422766e+04 3.021001156787182845e+04 3.869381149810616876e+02 -2.245240726614822051e+04 -3.336093721367629041e+04 -3.059657189976834343e+04 -1.928318000391807436e+04 -5.224853196063520045e+03 6.380446233397395190e+03 1.422026374059860063e+04 1.833154844526539455e+04 1.875985381505800251e+04 1.590306144534160376e+04 1.110232237501748205e+04 5.874947736060243187e+03 1.709645002753092058e+03 -1.700274584594889404e+02 -8.259616559156286542e+01 1.213970604333384699e+03 2.963161421190375677e+03 4.415579688066372910e+03 5.129793451672042465e+03 5.244120332573375890e+03 4.954596583863953128e+03 4.457180455289406382e+03
-2.031884100228683965e+05 -5.221705381697681732e+05 -8.842888276795607526e+05 -1.122600311085933587e+06 -1.138571279578379588e+06 -9.648468187626649160e+05 -6.842159655448859558e+05 -3.647309035505075590e+05 -7.216398750183259835e+04 1.445691142216971202e+05 2.575488916230553004e+05 2.530397960520562774e+05 1.466193641163985885e+05 -1.513232412431989542e+04 -1.772753183308782172e+05 -2.900962098725545802e+05 -3.275997278452712926e+05 -2.877731697572493576e+05 -1.907876184514649794e+05 -7.212256424356423668e+04 3.760392618210706860e+04 1.149306979781423870e+05 1.431533488451078883e+05 1.302193974198973301e+05 9.113197948367051140e+04 4.001893098098228802e+04 -8.852188104199152804e+03 -4.166527995776168973e+04 -5.095320478346817981e+04 -4.297154659109448403e+04 -2.546530326721488018e+04 -5.628226390948041626e+03 1.272000748903012754e+04 2.690566818096747375e+04 3.426134467073849373e+04 3.350919060645010177e+04 2.714824101098056417e+04 1.833849240349066167e+04 1.019111788857839383e+04 5.335201228959444961e+03 3.586913914656212455e+03 3.959189878995527124e+03 5.467356552734232537e+03 7.135481151935833623e+03 8.330431546097153841e+03 9.064625514873165230e+03 9.412324141422146567e+03 9.451064768163038025e+03 -6.250465443483726267e+04 -2.141380028534045559e+05 -3.884603361127747921e+05 -4.988490648299663444e+05 -4.988055223568865331e+05 -4.097387197272517951e+05 -2.746787389056551037e+05 -1.257621150356650323e+05 7.577453629978072968e+03 1.034094125702111050e+05 1.486828856444673147e+05 1.371673446687504766e+05 7.706390357339191542e+04 -7.747235633326105017e+03 -8.966319723371516739e+04 -1.444477618877007917e+05 -1.601277532104342536e+05 -1.371355155966035381e+05 -8.652587504163954873e+04 -2.665136831540038474e+04 2.705675848999477967e+04 6.341876782244964852e+04 7.467929408061363210e+04 6.544802295890320966e+04 4.386091927587775717e+04 1.732193353348881647e+04 -7.209131145372655737e+03 -2.307153858357089121e+04 -2.679783133105222441e+04 -2.181755083223515248e+04 -1.229994698808329667e+04 -2.091333264921576301e+03 6.960599619684554455e+03 1.369107943529187105e+04 1.693925988247964051e+04 1.619995349994005301e+04 1.274813056039420189e+04 8.171872608914995908e+03 4.033942067115478949e+03 1.650398850090600490e+03 8.977564675132352932e+02 1.241625885581499915e+03 2.148863785258684402e+03 3.091154048830555439e+03 3.731061147150431225e+03 4.090908803286419698e+03 4.227651086316755027e+03 4.199782286100053170e+03
-5.816440613931766711e+04 -1.869283379354261560e+05 -3.535946284458167502e+05 -4.919672704551079660e+05 -5.425604184176783310e+05 -5.021966050073396764e+05 -4.000065051506652962e+05 -2.649708602047754102e+05 -1.239025561222377000e+05 2.429512002744676465e+03 9.828905088263920334e+04 1.466193641163985885e+05 1.384394603517602955e+05 8.147371275709122710e+04 -4.442205938773915477e+03 -9.059406525385740679e+04 -1.538005494650241453e+05 -1.766221593865366303e+05 -1.580049378816422250e+05 -1.084191791026299034e+05 -4.224954047248340066e+04 2.097354148209375489e+04 6.467495223975596309e+04 8.499428669554347289e+04 8.186186592757151811e+04 5.876447010534861329e+04 2.660995560130661033e+04 -2.998794567461412498e+03 -2.211166295471888589e+04 -3.079745730110568547e+04 -3.011302267279543230e+04 -2.139519935869024266e+04 -8.015915405593772448e+03 5.906912774950950734e+03 1.624913281579879185e+04 2.034329670573575277e+04 1.950765092378322151e+04 1.573766702316090959e+04 1.100717491532358326e+04 7.049598707830341482e+03 4.181546334180092344e+03 2.313594128952178380e+03 1.357261976703448681e+03 1.224201059213210101e+03 1.770369522894716056e+03 2.748058801780031445e+03 3.895168620324240692e+03 4.955112477913495241e+03 -1.434089152543696764e+04 -7.437466936171049019e+04 -1.542525955376368074e+05 -2.194538810836470511e+05 -2.404351441838819010e+05 -2.177583280901389662e+05 -1.675271585540655651e+05 -1.039656526754151419e+05 -3.897408409239613684e+04 1.851283073507285008e+04 6.123680784279987711e+04 8.091095835524761060e+04 7.303255637540998578e+04 4.172664023140787322e+04 -2.833558566065224113e+03 -4.617368205920702167e+04 -7.688885860798177600e+04 -8.677698208825044276e+04 -7.585521828625415219e+04 -4.991337352183051553e+04 -1.646733016815459268e+04 1.471698030397221737e+04 3.543408810566816101e+04 4.409804865198765765e+04 4.108758299621142942e+04 2.843683417992492105e+04 1.170043968622701505e+04 -3.253871973745328887e+03 -1.247765751331363754e+04 -1.622981026187484531e+04 -1.528042104350456430e+04 -1.051061403618447184e+04 -3.630338983379710498e+03 3.343380441879266982e+03 8.390867172240803484e+03 1.022387068428643215e+04 9.554408497631517093e+03 7.435257380337932773e+03 4.907104125029386523e+03 2.879534548407250895e+03 1.490286942527739484e+03 6.560527767360125608e+02 2.940601797066557879e+02 3.220157853926339158e+02 6.458667480817579190e+02 1.150335657901242939e+03 1.715927820871832182e+03 2.225943336114583417e+03
1.121917269913275377e+05 2.253436851524792728e+05 3.193438393863136298e+05 3.329178688271241263e+05 2.642627419862795505e+05 1.525273566477380227e+05 3.430697233185698860e+04 -6.884936550094587437e+04 -1.340849685573785682e+05 -1.457229574534904968e+05 -1.012700305125396117e+05 -1.513232412431989542e+04 8.147371275709122710e+04 1.532463911126971070e+05 1.765900852464655472e+05 1.482906212355515163e+05 8.044978755001598620e+04 4.150516797492143724e+02 -6.904886385320665431e+04 -1.087011271266109397e+05 -1.109692479158346687e+05 -8.441872514882509131e+04 -3.966809159285383794e+04 8.421084572084504543e+03 4.403098376269890286e+04 5.829373928592829907e+04 5.478662636233458761e+04 3.873833782795699517e+04 1.584004272261650112e+04 -7.431886654918393106e+03 -2.471680111081962241e+04 -3.071409418372749860e+04 -2.716097412118978536e+04 -1.827866070080839199e+04 -8.305730227963776997e+03 -4.581263969260574527e+02 4.872786880841418679e+03 7.755115868216829767e+03 8.271619068874091681e+03 6.605634273853874220e+03 3.501273951680423579e+03 -1.396453288477333103e+02 -3.416232819623596242e+03 -5.436736745597012487e+03 -5.772903716431204884e+03 -4.867293638574268698e+03 -3.253603135088741055e+03 -1.459494012623474191e+03 4.048688987569436722e+04 9.625371171632864571e+04 1.421035746134393848e+05 1.465318465566129307e+05 1.111614997727434820e+05 5.721404910322606884e+04 2.088216124303003198e+03 -4.495154295292135066e+04 -7.351576087813975755e+04 -7.593652606652458780e+04 -5.087656251043749216e+04 -5.788641056406558164e+03 4.327316461137125589e+04 7.848413684845580428e+04 8.833350153986993246e+04 7.205369867758319015e+04 3.644447666920489428e+04 -4.200592385604320953e+03 -3.841032508740157937e+04 -5.686258443107869971e+04 -5.618915515071595291e+04 -4.124539468570768076e+04 -1.782163674382250247e+04 6.570394384874028219e+03 2.405894136322765553e+04 3.034678683665089557e+04 2.757458546859751004e+04 1.872699181621354001e+04 6.882356385038488952e+03 -4.785979356619416649e+03 -1.319681086351622798e+04 -1.579946415127427827e+04 -1.356881111671927647e+04 -8.725222353671455494e+03 -3.497760660704656857e+03 4.423419600077687619e+02 2.963021052334652722e+03 4.183937312310262314e+03 4.230860520773008830e+03 3.267190658064381751e+03 1.663145957166676226e+03 -1.532393195201042602e+02 -1.754334460526902376e+03 -2.716854008304104809e+03 -2.842348371590274837e+03 -2.354525421623736293e+03 -1.521491462822817539e+03 -6.081638260009868873e+02
2.504147733065975190e+05 5.749465526492575882e+05 9.059552048562973505e+05 1.071252844728094991e+06 1.006550055237360415e+06 7.751304811446501408e+05 4.691719054329372593e+05 1.550470369242900924e+05 -1.009189450025772239e+05 -2.507499368839919916e+05 -2.739394576686009532e+05 -1.772753183308782172e+05 -4.442205938773915477e+03 1.765900852464655472e+05 3.051810824222694500e+05 3.461201188794543850e+05 2.959839584194987547e+05 1.832449965301296324e+05 4.556833719184443180e+04 -7.342221369031367067e+04 -1.458972628774404293e+05 -1.661519690092857636e+05 -1.350549695719890879e+05 -7.394914033773211122e+04 -9.754105509496253944e+03 3.876034467961261544e+04 6.631663929631806968e+04 6.973093851252605964e+04 5.043439035618894559e+04 1.959378569594141300e+04 -1.078891463813996234e+04 -3.023319940227076950e+04 -3.817953500440450443e+04 -3.754077282890160132e+04 -3.125301619438857597e+04 -2.203212044491615598e+04 -1.194566560461219160e+04 -2.986429065310812803e+03 2.900961593833980260e+03 4.199945757200783191e+03 1.861009562029079461e+03 -2.463519188678541013e+03 -7.123908152678512124e+03 -1.048638145372472718e+04 -1.165844572111109119e+04 -1.114159703135128802e+04 -9.579402165251107363e+03 -7.610902958754791143e+03 8.353523065061916714e+04 2.399584958153011976e+05 3.999634126298987539e+05 4.745154279622160248e+05 4.359558988163967151e+05 3.209449186878291657e+05 1.756291860522298666e+05 3.035163575916196714e+04 -8.504580138209152210e+04 -1.483552163977664022e+05 -1.497929052669974335e+05 -9.342020747057705012e+04 -1.818820784880383371e+03 9.045681988143824856e+04 1.533054883062924782e+05 1.704246120584440359e+05 1.415658577248562651e+05 8.255365434130243375e+04 1.293416715026420934e+04 -4.541370633536859532e+04 -7.895104245573161461e+04 -8.579814016547797655e+04 -6.729230102569347946e+04 -3.459992505571204674e+04 -1.546968219893928563e+03 2.241258358701996258e+04 3.513497727428081998e+04 3.559017118325058254e+04 2.491813401225145572e+04 8.825758127192004395e+03 -6.602983477784926436e+03 -1.607600798670435506e+04 -1.947041341056234887e+04 -1.847440087146641963e+04 -1.478830694735171892e+04 -9.925931059133601593e+03 -4.867494816933321090e+03 -5.204187395925901001e+02 2.231192073971805257e+03 2.707029646917034825e+03 1.400862549091744313e+03 -8.597284717514839940e+02 -3.248426715395691190e+03 -4.946943012699738574e+03 -5.512755974446589789e+03 -5.209919930914380529e+03 -4.374665904002598836e+03 -3.340703865766802210e+03
3.174565416451381170e+05 7.615386623933756491e+05 1.236204481201995164e+06 1.507101190285101067e+06 1.465323702972839586e+06 1.180123736611788860e+06 7.731383323681054171e+05 3.368336162171683973e+05 -3.776290462392116751e+04 -2.839749217556695221e+05 -3.690593010879918584e+05 -2.900962098725545802e+05 -9.059406525385740679e+04 1.482906212355515163e+05 3.461201188794543850e+05 4.455110704528199276e+05 4.282433197888665018e+05 3.155177374656656175e+05 1.490330360003354726e+05 -1.566352795498870364e+04 -1.383378282894816657e+05 -2.004166960424617573e+05 -1.925568840092262253e+05 -1.363514067392333236e+05 -6.202384326047210925e+04 7.135027170786212992e+03 5.834549430421216675e+04 8.074703375961203710e+04 7.096669344059001014e+04 4.162379114523719181e+04 6.897279995515222254e+03 -2.056843426082267251e+04 -3.800912496993882814e+04 -4.609702000248077093e+04 -4.552664340519760299e+04 -3.767087503885990736e+04 -2.570704144685282517e+04 -1.315915469734542967e+04 -3.482909037689528304e+03 5.033250964331768955e+02 -3.254484254898952145e+02 -4.041652604646317286e+03 -8.721249109569465872e+03 -1.245838403622216902e+04 -1.415026609372744679e+04 -1.420525903674237088e+04 -1.318320643240297068e+04 -1.164243002448378866e+04 1.027959905507999938e+05 3.155964451055998215e+05 5.446258967061457224e+05 6.685255390118728392e+05 6.380042819177439669e+05 4.946587088944186107e+05 3.003212178963888437e+05 9.786173302674836305e+04 -7.187155195668521628e+04 -1.784351688315890497e+05 -2.063602054703696049e+05 -1.550832840966544172e+05 -4.717685946969467477e+04 7.597899651704679127e+04 1.742522862589817669e+05 2.203414855391268793e+05 2.068951698884768994e+05 1.466187870625022333e+05 6.150012810004155472e+04 -2.026890762514263042e+04 -7.879355158715750440e+04 -1.058801191492194048e+05 -9.792278302807811997e+04 -6.648773320075296215e+04 -2.735460511862461135e+04 7.573129446396858839e+03 3.239893150101316496e+04 4.228226641108578769e+04 3.603016298339846253e+04 2.023165691302314735e+04 2.220844038939040274e+03 -1.148865416362669566e+04 -1.967632113138743080e+04 -2.296544301866442402e+04 -2.199131934207904123e+04 -1.764441132276284770e+04 -1.148649238267599685e+04 -5.214213947014779478e+03 -4.901251646439809520e+02 1.337288443780454827e+03 7.395452639148876415e+02 -1.293369670928724872e+03 -3.773243810701929306e+03 -5.721274899147018004e+03 -6.576261839900684208e+03 -6.562954448649433289e+03 -5.985037338727945098e+03 -5.145163189012848306e+03
